0.25750452
0.17656109
-0.702092
0.07031178
-0.8737304
0.34410274
-0.31123984
-1.4907684
-1.843286
-0.9628521
-0.37326294
-0.49777257
-0.16463538
-0.6969523
0.33117652
0.21765417
0.49508473
0.8824083
0.65053356
0.57343316
1.2975391
-0.060047142
-0.06818128
-0.17481636
-0.12579092
0.2566623
-0.44496596
-0.39005622
-0.18517627
0.65201974
-0.43203136
-1.2134693
-1.7876383
-1.1479545
0.76653737
-0.1075511
0.08543195
0.2597285
-0.17798503
0.41274413
0.49341756
-0.23289174
-0.44666082
-0.07494381
-0.21917848
1.1052588
-0.15681702
-0.22210106
0.020837482
0.096215054
-0.19078772
-0.42328578
-0.78333277
-0.42192772
0.90991575
-0.13852583
-0.6901393
-0.3224685
-0.5897566
-1.2777169
0.77266574
0.23716085
0.00805339
0.0030650336
0.35489193
0.8847606
1.0979207
0.59779584
0.27037787
0.18461372
0.124068104
0.056528263
-0.60721654
-0.08209275
-0.5228461
0.29559547
0.6497748
1.6658436
0.6644005
1.2992592
-0.048520334
0.44537356
0.96040255
0.2879591
0.18194625
0.93529254
0.13942061
-0.2078245
-0.0072122747
0.42899877
0.5291427
-0.23548104
0.27315167
0.3311714
-0.02905142
-0.06805377
-0.16356537
0.33950308
0.13840853
0.013847023
1.4021415
0.24875455
-0.73218805
-1.0207483
-0.5001215
0.2972968
-0.1698865
-0.58513117
-0.73567927
-0.9263747
0.2587383
0.08712603
0.5649042
-0.46459126
-0.35585338
0.6729081
0.24394098
0.732892
0.09076164
0.50166285
1.110717
0.05169369
-0.62204045
0.40941647
0.48713383
0.039799012
0.80575395
0.27401266
-0.526764
-0.25467864
0.9120261
2.2020075
0.90503365
-0.7339402
-0.94562966
1.0158764
0.027974429
-0.4678336
0.027020182
-0.15103808
-0.29052955
-0.2975363
0.68220794
0.8041245
0.5116655
0.21188186
0.4067183
0.2738675
0.20912085
0.7678203
0.9721912
0.39915967
-0.14548062
-0.44307974
-0.5156744
0.7127425
1.1704854
0.62169105
-0.25525445
-0.29567066
0.21509683
0.00015697432
0.0768066
0.2174201
-0.0961346
-0.684645
-0.18262269
-0.16486473
-0.07398555
0.14843452
0.11126985
0.0744928
0.080403306
0.33814493
0.014374764
0.09802722
0.3678716
0.09419796
0.0314282
-0.076181866
0.59934586
0.5597981
0.39147562
-0.598907
-1.2070106
0.80603313
0.7435138
0.42900282
0.47748905
0.9878404
0.48172286
0.36051962
0.35969782
0.26598743
0.3474278
0.94598746
0.6367667
0.69605076
0.35765815
-0.14482749
0.9184614
0.060788214
0.86226416
0.4594554
0.9666782
-0.30555367
-2.1183422
-1.7013713
0.40176043
0.16365553
-0.7128354
-2.0711012
-1.411666
0.24321958
-0.5912365
0.40007824
-1.0145224
-0.08514723
0.15187062
-0.07583373
0.51963025
-0.22069237
0.097560845
0.058049735
-0.24406675
0.98665124
0.7020151
0.56111044
0.08343391
0.3810489
1.0638775
-0.43537572
-0.4274508
-0.19873832
-0.06324704
-1.5250195
-1.7598438
-1.0477403
-0.020819847
-0.1943931
-0.00062372163
0.2122878
0.91879386
0.5878157
0.02904997
0.7330278
0.22518444
-0.020430595
0.4146233
0.15238734
0.19544356
-0.1889561
-0.18575478
0.092052385
0.46932608
0.047007333
-0.006425875
0.8309913
0.2849313
0.19710831
-0.13324717
0.069455445
-0.5253245
-0.5926498
-1.0629997
0.45918998
0.18547298
-1.0068315
-0.3674693
0.039885588
-0.8656043
-0.64136183
-0.34006855
0.29401538
0.5805384
0.8156974
0.3745086
-0.9261163
-0.7479802
0.108457886
0.07277275
-0.36333337
-0.5998973
-0.11473624
-0.36505514
0.46443227
-0.24273336
-0.2513523
-0.5717455
-0.08359829
-0.1980694
0.26464716
-0.11592772
0.079959646
1.0188521
-0.7718972
-0.8210686
-1.0393615
-1.1158432
-1.1027833
0.4128018
0.033672035
-0.9890181
0.23700745
0.33722204
0.3691946
-0.23852058
0.9868084
0.5151834
0.579387
0.009713866
0.8366446
0.36638016
0.026791152
0.12379189
0.2503486
-0.69452167
-0.85886025
-0.3877562
-1.6480703
0.2250218
-1.110444
-0.8261722
-1.2673576
-1.391368
0.7577461
0.26364017
-0.57535976
-0.115250416
0.22317347
0.088324
0.009655267
-0.2340526
-0.11277464
0.26415792
-0.79627657
0.5467073
-0.20944259
0.23760052
0.33074078
0.5142055
1.1944655
0.062762715
-0.3346376
0.28036416
-0.57881415
1.4613012
0.6177471
0.40818647
-0.55031943
-0.5642435
0.32662877
0.18421496
-0.37304243
-0.09874956
1.1606603
0.9064572
-0.19559604
0.003850179
0.15561622
-0.0010733561
-0.7749407
-1.0858624
0.054434747
0.97335327
-1.1012062
-0.89857453
-1.1938925
-0.5542295
-0.7834945
-0.6962027
-1.5339146
-0.7075875
-0.54176927
-1.6713463
0.37570843
-0.42781407
-0.88149685
0.3637238
-0.04794767
-0.3311937
-0.18999317
0.18233122
0.47766498
0.4123194
0.2760345
0.50688577
0.2204658
0.5309423
0.9525625
0.93350554
0.2781155
-0.90115255
-0.75878626
-1.2163006
0.41444343
-0.068002746
-0.5130076
-0.01064914
-0.9128041
-0.6453744
-1.0227343
-0.68031234
-0.09807518
-0.12644713
-1.0244143
-0.7044902
-1.339651
-0.41941544
0.9375696
-0.013222989
0.25293493
-0.546189
-0.8133793
-0.6846917
0.07030295
-0.37912118
-0.7932177
-0.9871535
-0.9033093
0.0007938802
0.27968252
0.024561744
-0.90947133
-0.69541854
-0.5972479
-0.43444
-0.8313929
-0.24684443
0.45503768
-0.018147258
-0.24499725
0.63953286
0.47678578
0.9978406
0.49806184
0.121303864
-0.25443318
-0.5017646
-0.9892622
1.4591577
0.3179341
-0.31289747
-0.2888478
-0.35602233
0.84951377
0.8185337
-0.22602223
-0.86147153
-1.0095912
0.8221287
0.12982081
0.119307384
-0.116508454
0.23082252
0.06874865
-0.8849808
0.82066405
0.15284751
-1.0078391
-0.6101476
0.0010772945
0.49640828
0.9422268
-0.16117218
-0.3405671
0.6856257
0.48430127
0.43948892
0.53343636
-0.47483572
0.3963966
0.2868761
0.7885424
0.32467932
-0.6880216
-0.5401144
-0.15287763
-0.10217639
0.2615597
0.52208525
0.4170848
0.8994683
0.08981758
0.22793914
0.51646775
-1.2256457
-1.5785161
-0.66353875
-0.13347995
-0.5975281
-0.3725595
-0.8118453
0.19490428
0.0043611103
-0.5096884
-0.17060097
-0.8473856
0.8872014
-0.00364311
0.35059196
-0.7310486
-1.1506826
-0.19887044
-0.48861983
-0.20908907
-0.9029719
-1.9450997
-0.6600865
0.31865785
-1.0593315
-1.1908629
-0.9336086
-0.031692628
0.22553308
-0.85181296
-1.4942265
-1.0294123
0.7184894
0.877441
-0.78652275
-0.882623
-0.5859077
-0.39975795
-0.09127159
-0.5254154
-0.123741776
0.6932536
0.32600796
0.68232167
-0.20398206
-0.3587248
-0.06082665
0.3578097
0.42604682
-0.4120908
-0.7978134
-0.41019282
0.37410823
0.82688236
-0.08316106
0.21837075
0.48773178
0.15401429
0.57281005
-0.50084096
-0.1902857
-0.0026996278
0.39617684
-0.2554809
-0.025501437
-0.30747768
-0.52067304
-0.23220922
0.4881747
0.17867538
0.15875807
-0.35506955
0.052354563
0.42670202
-0.36638302
0.07383876
-0.6449596
0.13231274
0.0035301943
-0.8043943
-1.4314228
-0.9971228
-0.07034906
-0.504338
-0.50027835
-1.8046018
-0.6111041
-0.021620076
-0.5696264
0.37520418
0.7580282
0.83710283
0.21786122
0.1543317
0.39760727
0.8961028
0.45608884
-0.03720872
0.03074637
-0.60667896
0.6026419
0.5444204
0.45122644
-0.4451575
-0.26037356
0.47973987
0.7721506
0.0115148155
0.17034529
-0.009945926
1.1742074
0.42258447
-0.118173905
-0.35149032
-0.9607528
-0.5795582
-0.8991601
-0.5232172
-0.04731749
-0.19871141
-0.25137645
0.15057027
-0.27919194
0.5462485
-0.48122534
-0.07958485
0.76382005
0.099448994
0.15046504
-1.0823056
-0.64404845
0.5151341
0.6782882
-0.027027514
0.21438023
0.35370222
1.8284903
-0.08854203
-0.67166394
-0.74345
-0.6644843
-0.21338332
-0.040724643
0.06411286
0.8162154
-1.1012615
-1.2674924
-1.4824114
-0.6989951
-0.64813507
-0.5138469
1.0552047
0.020989267
-0.7179378
-0.089785025
0.07113259
-0.7191631
0.048379134
0.5133828
0.7173657
-0.6916665
-0.53047395
0.065208875
0.6648527
-0.25579602
-0.52660364
-0.13443764
-0.05912725
0.5641473
0.31647855
-0.7728315
-0.69053185
-0.33569938
0.44537032
-0.25175032
0.08653048
0.7852397
0.14855106
0.45002466
0.91434747
0.08798838
-0.6351013
0.42825326
1.0935311
-0.26343918
-0.36356333
0.01894148
0.58286977
0.32935828
0.48539338
-0.11033388
-1.6931592
-0.7672874
0.0615117
0.5195903
0.6288493
0.2048875
-0.007921145
0.42216823
0.36044896
0.1463837
-0.20052072
0.5348283
0.5777258
-0.61873746
-1.085852
0.14905274
0.05154236
0.190968
-0.41352215
-0.4431825
-0.19885626
-0.62024915
-0.28845203
0.69443387
2.271394
0.9628894
1.081809
0.6139923
-0.177422
1.2299936
0.5008379
0.43133277
0.0912557
-0.34314007
0.44957694
0.8891064
-0.12656395
0.07752647
0.6322977
1.2836874
-0.13575359
-0.26474324
0.5102647
0.11853104
-0.12643157
0.03781422
0.5701652
0.7091919
0.11286013
-0.4632027
-1.2865183
-0.9796667
-0.6915884
1.6581179
0.885216
-1.1884826
-0.82341987
-0.89878464
-0.17093113
-0.057132363
0.36762834
0.63087434
0.82685137
-0.35909092
-0.05813971
0.6570876
0.5327112
0.12540162
-0.0456491
0.03924268
0.06339154
0.23260833
-0.4805009
0.44952923
-0.18752348
-0.96814317
-0.9849193
-0.49890167
0.12357384
-0.115961395
-0.72697365
-1.4153911
-0.8494896
-0.72354305
0.26972812
-0.110867225
-0.5975167
-0.9952066
-0.28129897
-0.5712077
0.98374206
-0.62678134
-0.42425188
0.26156875
-0.6462775
-0.25040114
0.3294396
0.6371336
0.21142767
-0.28364927
-0.15160663
-0.3695606
-0.9326863
0.43649578
0.5981582
-0.68511355
-1.9174175
-0.88755524
-0.11713962
-0.5461643
0.5166473
-0.92432225
-1.6381171
-0.1521038
-0.85540384
-0.20423828
-0.7806096
-0.61995745
-0.28938484
-0.235985
0.3149542
0.23478262
0.39450607
0.34970918
-0.03374312
0.56363565
-0.71548414
-0.6224941
0.39364704
0.41479176
-0.75574785
-0.29602724
-0.60481685
0.108606115
-0.6740059
0.061920576
-1.9509697
-1.3578607
-0.5573688
-0.67704475
-0.7493126
0.4151997
0.058083
-0.33926088
0.27780214
0.5624392
1.2090036
0.8115895
0.1690618
-1.0976561
0.43154368
1.2158897
-0.22414671
0.89853853
-0.36319497
-0.09008809
0.7608066
0.23872368
0.24669826
0.7697049
-0.9771057
0.59482175
-0.27437487
-0.26465648
0.1383607
0.63399154
0.012831458
-0.6004843
0.2420295
-0.1578403
0.3109939
-0.22913979
0.40065387
0.39026472
-0.39995
0.26916286
0.050214533
-0.6567116
-1.5051395
-1.165523
0.18004905
0.38236672
0.5684329
-0.29762802
0.7587535
0.5244449
-0.07998526
0.11041668
0.42053372
0.41179815
-0.77314293
-0.61959106
-0.22697014
-0.29875916
0.123295024
0.35223496
1.1890813
-0.018879939
-0.9479159
-0.39454433
0.35619217
0.106675036
-0.32364938
-0.042582836
-0.20205133
0.2685013
0.18417136
-0.5921726
-0.164624
-0.0959873
0.054595664
-0.645544
-0.6599104
0.014944374
0.16394679
-1.5080115
-1.0963441
-0.23526078
0.037213396
-0.54933864
-0.30125415
0.7191054
1.6294631
0.046122875
-0.055311102
-0.15914543
-0.9808206
-0.5166816
0.013927984
-0.30591455
0.13134238
-0.14425123
-0.028673748
0.25465196
0.78543335
-0.39842635
-1.3936934
-0.21474032
-0.054896977
-0.006316091
0.12072702
0.56672347
1.0137327
0.62623316
0.29277036
0.23865694
0.54629195
0.3704863
0.45088947
0.71972495
0.8724
0.31793374
0.5187535
0.32926118
0.15762722
0.48053393
0.25313938
-0.6953252
0.47619805
0.49243703
-0.57702684
-0.67483574
-0.2931187
-0.18466182
-0.0051237685
0.5977765
0.5603387
1.2825907
-0.24199496
-0.7626544
0.21547756
0.75765884
0.99399096
-0.71993905
-0.6774945
0.47905985
-0.09481762
-0.2816562
-0.6044017
-0.59690666
0.63857514
0.14978121
0.99565
-0.31202334
-0.24437101
1.5024698
-0.211552
0.07114443
-0.14624903
-0.3559287
0.2097021
-0.21482661
-0.2457207
0.16203018
0.5796952
0.51837945
-0.56248677
-0.42082483
-0.10714448
0.5566901
0.46947962
-0.18714173
0.8058692
0.6473099
0.33814466
0.39452344
0.90113646
0.3690341
-0.16153604
-0.95087916
-2.140666
-1.7068307
-1.27874
-0.90593016
-0.1544401
-0.7195777
-1.0091105
-0.23013753
-0.05287263
-0.3402609
0.29122806
-0.056437753
-0.20708318
0.38444328
0.24232614
-0.022660851
0.6484298
0.20827085
-0.37508008
0.05738037
-0.45796877
0.6141895
1.4933707
0.57311976
0.058361657
0.61392355
0.82553303
0.88100517
0.41963705
1.1674132
1.910184
0.26763022
-1.0093471
0.15509015
0.14749892
0.24460071
0.06049202
-0.36867166
0.11250279
0.15604569
0.05798126
0.83741164
0.5070324
-0.12630148
-0.27112016
0.6772073
0.70445335
-0.2701619
-0.68238837
-0.6317583
1.134188
0.42688054
-1.5383521
-0.3324077
-0.8077965
-0.33252174
0.12741809
-0.74185425
-0.22982886
-0.21146852
0.0013779604
0.9898848
0.6747815
0.118744455
-0.3625151
0.73261404
0.20796667
-0.379433
-1.2268298
-0.6251938
-0.5253258
-0.2929045
-0.8551526
-0.41021466
-0.5820952
-0.17468154
0.38431975
0.66067815
1.1439078
0.4195337
0.014005781
-0.047712762
-0.10743209
0.3707747
0.9017586
1.0713596
0.4763209
-0.18160841
-0.24286865
-0.09046262
-0.7045131
0.30007753
0.08393918
0.17112574
0.17293666
-0.52538145
0.05467521
-0.9725095
0.48090404
-0.16433278
-0.031008087
-0.29437456
0.0057229404
-0.40616894
-0.9464014
-0.7809263
-0.2546422
0.36551124
-0.30717862
-1.6331693
-0.72205764
-0.59371436
-0.18698421
1.0844527
0.43828565
0.47436857
0.021767313
-0.2962787
-0.83652693
-0.5663655
-0.3299734
-0.3739933
-1.0136551
0.014981338
0.60210466
0.60840875
1.1169484
1.027476
1.4436312
-0.18963993
0.64154893
0.19552554
0.4956213
0.20477326
0.21308497
-0.12608324
-0.58120066
-0.53665245
1.1979338
1.5901377
0.56901294
-1.1182104
-0.13095699
0.94729054
0.6071139
-0.49006858
-1.312758
-0.046740457
0.90755177
0.31737724
-0.24877286
0.6429066
-0.045821857
-0.15622589
-0.9536927
0.366205
-0.06993851
-0.8439698
-0.51209784
-0.28036967
0.47502318
1.0487254
0.3343245
1.0821195
0.41106376
0.56403136
0.35642144
0.016845576
0.37804893
0.1263316
-0.45301196
0.5048584
-0.5430552
0.1572011
0.53453565
0.6518568
0.5492921
-0.7340509
0.4704132
-0.22478673
0.15864462
-0.35414124
0.09166354
-0.76536924
-0.26206344
0.058798686
1.4356401
0.97827476
-0.04841054
-0.3097981
-0.992712
-0.53194374
-0.63305825
1.0882162
0.71712685
0.016568517
-0.7566711
-1.2464215
0.87718785
0.62324536
0.09348725
-0.19672965
0.7552052
-1.4066368
-1.0756017
-0.63288933
0.5822779
0.40555564
0.38783532
-0.20344281
0.32127085
-0.30580276
-1.2038248
0.06865219
0.59278244
0.5869685
1.1576955
1.0692006
0.32903263
-1.3539348
-1.0594978
0.71236527
0.2524086
-0.34331495
-0.70050955
-1.1224859
0.55041784
-0.85720056
-0.14510648
0.3433196
0.15142435
0.2847473
0.25981987
0.22793193
0.8735363
-0.19202642
-1.2873915
0.021191634
0.036937866
-0.56545556
0.04892465
0.70449835
0.43971372
0.2609125
0.27790642
-0.5543438
-0.23477457
-0.095144436
0.17714228
-0.29788974
0.018873412
-0.022018973
0.21785907
-0.20765807
-0.37382767
0.3736755
1.504481
0.53805625
-0.08226179
0.4419503
0.17811254
-0.11105145
-0.25042236
0.16548413
0.33625603
0.65012
0.8281161
0.18810914
-0.2816145
0.975438
0.2375105
0.39462164
0.66666025
-0.38784966
-0.352561
0.5508577
1.8220543
1.6028569
0.3427365
0.77059937
0.60840166
-0.32075384
-1.0973117
0.18295276
0.80575234
-0.3424337
-0.4481932
-0.8252287
-0.20802498
-0.51752496
-0.6000662
-0.29470882
-0.22960922
0.020155879
0.29788202
-0.14847755
0.66092896
0.43623433
-0.1327428
-0.2645508
0.52346826
-0.07720695
-0.7204256
0.118269496
-0.119704805
-0.2664471
-0.68031484
-0.69774836
0.018554833
-0.010805587
0.024130257
0.17028937
-0.06529541
-0.010724994
0.19717109
0.27878258
0.75192815
0.05597344
-0.26492107
-0.0921103
0.3964988
0.63074505
0.58289975
-0.3398005
-0.4166598
-0.9655381
-0.6414519
0.36560252
0.21506016
0.75298357
0.19914742
0.31801966
-0.75789857
0.50123626
0.7169676
0.9689686
0.27975035
-0.6024454
0.056372624
-1.060509
-1.2836372
-1.0496117
-0.32319388
-0.18210302
-1.0017623
-1.1540159
-0.21696053
-0.42393482
0.042135183
-0.10916754
0.36285168
0.40202582
-0.06413132
-0.52687985
-0.009890593
0.031843867
-0.2264417
0.6203116
0.098457776
-1.2572764
-0.9054561
-0.042013366
0.15303108
0.3121298
0.3947688
0.8308138
0.2973207
-0.20799851
-0.5897141
0.23382103
0.60625863
0.29372552
0.55306137
0.03244534
0.23792797
-0.5856114
1.2758522
0.6940498
1.8193618
0.9139704
0.22991005
1.1259193
-0.16962239
0.3416011
1.0554391
0.12609494
-1.4197004
-0.70069355
0.36243793
0.26718256
-0.59998524
-0.44037542
-0.18140864
-0.5590859
-0.15391332
-0.20843111
0.8124326
0.62476504
0.39554125
0.76630145
-0.13787442
0.13691252
0.24144769
-0.48360938
-1.6283568
-0.3214049
0.47645026
0.6133609
-0.37625387
-0.12289578
-0.19517599
-0.174427
-0.36389393
-0.41572532
0.37043777
0.030557668
0.53336006
0.5288742
-0.6575736
0.12744312
-0.33289683
0.34090668
0.33829823
0.06976107
-0.19953747
-0.7853563
0.17706671
0.5274651
0.9545296
0.9394435
0.88716
0.20317245
-0.035371825
0.9792911
0.5638991
0.09136767
0.37018967
0.45112082
-0.93584055
-0.19119379
0.17343006
0.12537491
0.11149746
0.12458048
-0.8657166
-0.19653748
0.06110424
0.19988987
0.30839735
0.76032406
0.9680502
0.26891646
-0.23098913
0.5783099
0.9850618
-0.45110127
0.54369324
0.7181679
-1.6871448
-1.0567374
-0.5742034
0.17065692
0.2990946
-0.69769263
-0.4613516
0.056831993
-0.1442181
0.16812381
-0.26686332
-0.39286014
0.2137487
0.19483258
-0.38143262
-0.39731354
-0.5982658
-1.2104795
-0.026016328
-0.49508324
-1.0617326
-0.81597364
0.66915685
0.45606157
-0.7645357
-0.031551942
1.1099464
0.33092397
-0.43190867
0.04466058
-0.85639995
-0.4511404
0.029720625
0.30424178
-0.38563412
-0.40048409
1.1844513
1.4223973
-0.06981933
-0.23727424
1.0229338
0.8917789
0.792791
-0.28907394
-0.3430945
-0.9886718
-1.7267953
0.25566417
0.6647206
1.0410546
-0.88330317
0.2783023
1.2859658
0.9071409
0.7946765
-0.0039768605
-0.24741817
-0.10043151
-0.052716296
0.06344335
0.41978517
0.74692905
0.39556384
-0.28245908
-0.6252012
0.24640027
0.520582
0.088185176
0.16529958
1.1114496
0.16609396
1.3331425
0.79503846
1.7115976
0.740309
-0.7300539
-0.3101199
-0.9966434
-0.7709565
-0.69639677
-0.23368962
0.82216656
0.52749866
-0.41096404
-0.444293
-0.05704485
0.24984887
0.35332146
0.41329062
1.104595
-0.07955656
0.38537875
-0.068759866
1.1570704
1.1305026
0.3935688
0.8614646
0.52514374
-0.28644314
-0.48648173
-0.7719506
-0.8016347
-0.6831861
0.10863126
-0.3442123
0.4151593
0.76716715
0.78230935
-0.0066526067
0.5041711
-0.05856253
-0.34194547
0.5722578
-0.04441134
0.6350399
-0.0069821253
-0.12264957
-0.3215524
0.14102797
0.14082466
0.29597062
0.1882013
-0.8755977
-0.5753594
-0.61002016
0.58443004
-0.23055856
-0.4524968
-0.8252029
-1.3522183
0.52864695
-0.3410247
-1.2357675
-0.60568106
0.09359566
-0.48035452
0.05478298
-0.45716798
-0.50267845
0.005088438
-0.09099103
-0.9775266
-0.19482973
0.747843
-0.4100398
-0.3072234
0.029991599
-0.63391
0.32648894
0.16477422
-0.695903
0.0053877505
0.20748073
0.4722726
-0.5268087
-0.43040702
-0.13387926
0.12139464
0.38645288
-0.7205581
0.98624206
1.0998635
1.5122439
0.12330915
-0.20411178
0.8969883
1.2906234
1.1517577
-0.120898604
-0.42785585
-0.8172525
-0.853978
-0.21120115
0.69553864
0.37541392
-0.55373913
-0.5426988
-0.53515035
-1.2423722
-0.61909986
-0.56748563
-0.51945734
-0.5163852
-0.49557224
-0.09645795
0.42373064
-0.20691936
0.46083602
-0.29430994
-0.40417856
-0.59893125
-0.0010009296
0.39685702
-0.712137
-0.84685415
0.22104532
1.13063
0.82039225
0.07358519
-0.33339557
0.2873104
0.46892023
0.23378591
-0.8006423
-0.76669765
-0.6876079
-0.631081
-0.19764547
-0.36908674
0.08782156
-0.3692125
0.24378659
1.1150897
0.016577745
0.09516248
-0.10076103
-0.2315165
-0.10135825
0.24314862
0.032601144
-0.13956964
0.34567097
0.26763654
0.14913608
-0.15751104
-0.61257917
-0.39914298
-0.73747057
-1.1524199
-1.0842097
0.22537039
0.91567487
1.247007
0.02640285
0.7238496
-0.035195656
0.5676145
-0.058621842
-0.28351045
-0.058662105
-0.14550996
-1.048464
0.17456059
0.059386708
-0.33197543
-0.8572985
0.025612531
0.82703793
-0.4126597
-0.6076849
0.4771999
0.3722973
-1.6408517
-2.1356766
0.07792495
0.341039
-0.2340879
-0.40963194
-0.7090147
-0.17896959
-0.5330577
-0.039443944
0.37975386
0.12864164
0.7654597
0.820882
0.30767778
-0.04329805
0.7298382
0.7244823
0.75368464
0.82144016
0.05758641
-0.43632734
-0.0014726681
-0.07576777
-0.03983197
1.0165256
1.3973823
0.3394803
0.47910187
0.13276738
-0.53252774
-0.14448829
-0.10959954
-0.3127042
-0.37617606
-0.66380763
-0.06973965
-0.31294376
0.5018378
0.4307601
0.21631761
-0.86031854
-0.14009506
-0.54059213
0.92074656
0.20737846
-0.59239024
-0.022038812
-1.1088337
-1.9565134
-2.0291057
-0.27276388
0.91385317
-0.49031538
-1.0986756
-0.7680778
0.3381981
0.7216395
-1.691224
-1.4926331
-0.04823729
1.8312192
2.0483167
-0.8072772
-0.615391
0.22597046
0.27116576
0.6107884
0.18527186
0.81878805
-0.074544825
-0.7043377
0.0829941
-0.38173565
-0.06566436
-0.33157882
-0.4314697
-0.023200452
-1.1122457
-0.48265684
-0.54924273
0.2915667
0.8756703
-1.0064703
-0.2965982
0.058110833
0.1739029
0.7912632
-0.2728684
0.33035514
-0.14886007
-0.53066665
-0.84744775
0.03478414
-0.18648511
-0.840634
-0.50948083
-0.33731487
0.25052524
0.31001985
0.19518666
-0.09880775
0.55353934
-0.5194573
-0.05552958
-0.23059209
0.74960625
0.4860008
-0.1180415
-0.122519374
-0.32374206
-0.43116423
0.69573313
-0.27762017
-0.54131836
0.3094203
0.20625207
0.3238309
-0.5478911
-0.6971688
0.20826033
1.032304
0.6400875
-0.0020578934
0.5932478
0.17926675
0.5825311
0.31922963
-1.112631
0.4964764
0.437103
0.12622654
-0.13212968
0.14792463
1.5902625
0.77317315
-0.06993679
-1.12375
0.26610968
0.57122
0.265391
-0.45932665
-0.8815745
0.011735289
0.6601743
0.46781006
-0.030290723
-0.26100308
-0.21350715
0.2124775
0.11225075
-0.16870706
-0.085519865
-1.0064819
-0.3278052
-0.49319914
-0.587203
-1.363009
-1.2347075
0.18963417
-0.6719317
-0.84483856
-0.16744503
-0.6880566
1.227282
0.738182
0.23434635
0.89926594
0.012574974
0.20692307
0.18762429
-0.1669668
0.13780545
0.50655663
0.51425034
0.7368469
0.7171192
0.12189469
0.051720597
0.7365017
0.7951252
0.23848139
1.1244233
-0.12091179
0.0656595
0.5211057
0.9593946
1.4023591
0.1109365
-0.31475013
-0.5616302
-0.1673009
-0.15190247
-0.4026056
-1.3576531
0.08003235
-0.2268006
0.33777753
0.43352053
0.8715834
0.760199
0.7897955
0.77617663
0.0807607
0.415014
0.56030935
0.46736673
-0.50908345
-0.24267101
0.26928553
-0.23165062
-0.097535476
-0.7265965
0.58606476
-0.09424273
0.5816035
0.0781818
-0.6751408
-0.009928452
-0.0812568
0.6563803
0.5585717
-0.13680051
0.0018023931
0.44194964
1.1009814
0.67150646
-0.12400618
-0.6585549
-0.32256803
-0.52194697
-0.6090671
-1.7762735
-0.17755015
-0.28565222
0.11361371
0.74650115
1.1361672
0.6856003
0.9197203
1.3243656
0.7786031
0.81499285
-0.3931689
-0.827877
-0.44071054
-0.77322346
1.0575614
-1.8556143
-1.4892219
0.7064057
0.60499305
0.6696266
-0.53832984
0.3433915
0.6153941
-0.5899856
-0.7342933
0.12353375
-0.3316555
0.2760406
-0.26930863
-1.1760417
-0.7742198
-0.97670215
-0.5510056
-0.14595506
-0.9393159
-0.11478968
-0.009001131
0.28159058
-0.30575082
-0.2752568
0.7492108
-0.4245558
-0.464321
-1.1431231
-0.67671704
-1.4272044
0.11823654
-0.4103905
0.016549457
-0.8642502
-0.76800317
0.7413109
0.34874877
-0.14677401
0.57684237
-0.5705029
-0.08897613
0.3638234
0.32698464
0.17249228
-0.107590824
-0.5046682
-0.41542682
0.7293805
0.37159938
-1.3467178
0.19471969
0.9398884
-0.93709505
0.29833305
0.25238648
-0.0007182357
0.8780219
-0.20363216
0.53372985
-0.62396896
-0.12131433
0.08879237
0.20980062
-1.477131
-1.3063906
-0.4774237
-0.51071143
-0.2576987
-0.6052671
-0.5962782
-0.6000124
0.3128035
-0.1025681
-0.06633393
0.053396363
0.08587041
-0.054721314
-0.09702573
-0.11491669
-0.8726051
-0.23229693
0.4510046
-0.00046490526
-0.7869921
-0.22499804
-0.4181707
0.2578116
0.60462165
-1.0229971
0.42532328
-0.103821784
-0.122863196
-0.34296665
0.83004737
-0.8647985
-0.15796587
-0.10780953
-0.041637596
0.6157806
-0.23162717
0.19374305
0.7210009
-0.016796453
0.057686325
0.22134241
-0.70853865
0.15580909
1.3648267
0.17491943
0.117237374
0.6447023
0.9476698
-0.45227322
-0.7871384
-0.3052331
-0.4168768
-0.31581375
-0.12850673
-0.98524714
-0.71621835
-0.17276974
-0.51628304
0.2963606
-0.7321767
-0.66814125
0.01529618
0.23645847
-0.21553263
-0.1714665
0.17045443
-0.67369026
-2.1054564
-0.37440267
0.3180113
-0.5415443
-0.4591393
-0.99286604
-0.50718796
0.6090961
-0.5633224
0.12238172
-0.43019727
0.035784442
-0.5696527
0.45406798
0.9304422
-0.008492087
-0.103284426
-0.4015688
-0.038241595
0.55322415
0.1351912
-0.31299642
-0.86270493
-0.1196979
-0.17102025
0.07004742
1.4242138
1.0925053
-0.1428077
-0.10263975
-0.3252707
0.19989634
1.9416925
-0.16213253
-0.17030022
0.48121902
0.1445147
-0.7901401
0.15704916
0.1567801
0.03030548
-0.779541
-1.6969088
0.8803799
0.5318968
-0.24519189
-1.4709636
-1.4931303
-0.09437947
-0.37462667
0.36050045
0.058543287
0.33612275
-0.5030485
-0.6492797
-0.019686034
0.4774298
0.7700625
-0.58186305
-1.473666
-1.5159333
-0.40250826
-0.8127386
0.17940134
0.01962626
0.22403945
-0.3255771
-1.2960889
0.15209025
1.3129339
1.0146084
0.40458187
-0.070688434
1.0069795
0.672035
0.60424066
0.16654564
-0.14168294
0.5016116
0.6876804
1.0485197
0.2475501
-0.94510365
0.1349109
-0.09058681
0.4642087
0.46945608
-0.46408582
-0.34833488
0.18213114
0.44369987
0.05864678
-0.21341914
-0.46615595
0.38815233
0.18369019
0.03314774
0.008022106
0.64564246
0.036898155
0.70476294
-0.023499247
-1.1852174
-0.1203055
0.9834537
0.35546342
0.9014684
0.85961217
-1.6702399
-0.53215593
0.6117413
0.8007483
-0.2434255
-1.0538908
-0.8073228
0.5493917
-0.27678403
-0.3386099
-0.21160728
-0.66605407
-0.45979276
-0.021996055
0.6482741
-0.5136738
0.014556507
-0.24990724
-0.2501805
-0.23972236
0.32571653
0.10203426
-0.537211
-0.18143348
0.18565503
0.86567605
0.60474676
-0.10265893
0.030647421
0.10739601
0.2656632
0.58699673
-0.031807084
-0.2464768
0.25258338
0.30869144
-1.137156
-0.4039037
-0.1769398
0.29560363
0.19877155
-0.29494712
-0.95475537
-0.5406577
0.03509963
-1.1849242
-1.6844856
-0.62138975
-0.13684472
0.5603351
-0.09550925
0.099076
-0.37597692
-0.04147424
0.7714081
0.5078922
1.6608945
0.6557647
-0.052375022
-0.585795
-0.16438127
0.16524935
0.17327578
0.046994623
0.6548325
0.5998811
0.73353755
0.34713915
-0.29100633
-0.24651726
-0.09209044
-0.6130409
-0.72372985
-0.22693563
-0.46571782
-0.39828756
-0.28787407
0.4158935
-0.6377248
-0.23891625
-0.9795378
0.8377622
2.369666
-0.13048235
0.05231704
0.8549853
0.6598086
0.16852021
0.4679566
0.68234986
0.581082
0.34278488
-0.12572654
-0.2651574
-0.42145243
-0.546464
-0.16800836
-0.6959892
-0.33456472
0.23823802
0.34538463
0.057828885
-0.0033388443
-0.78185457
0.033610776
0.5451287
1.0300496
-0.11952363
-0.34000194
0.22362475
0.22502273
-0.053564638
-0.17951193
-1.2520967
-0.79064566
-0.21075621
-0.35389417
0.13094968
-0.3094625
-0.25704953
-0.23519833
0.121605396
-0.16814648
-0.42484775
0.03237775
1.0333191
0.3963537
0.64542335
0.23496357
-0.16934602
-0.65130866
-1.1914351
0.17714712
-1.3322005
0.38445348
-0.21924047
0.67188776
-0.14753172
-1.1303569
0.102770224
-0.5044896
-0.10407661
0.46007216
0.116321385
-0.02102405
-0.17972176
0.2161232
0.4324618
0.14828289
0.54900527
-0.7022536
-0.8635884
-0.81655705
0.21351792
0.34825143
-0.452776
0.40083513
-0.32375148
-0.36067107
-0.13774256
0.855399
0.3261075
0.13590051
0.08048196
-0.5618814
-0.6654527
-0.102362245
-1.1624067
-0.004467937
-0.55576634
-0.6637622
-0.3241022
-0.07715091
-0.040772326
0.27986094
-0.5277815
1.5125054
2.0075161
0.7936359
-0.22375038
-0.15890883
0.92718613
0.10248024
0.5465087
-0.26251742
-0.89508593
-0.46483737
-2.1442287
-1.2364736
1.2320389
-0.5429556
0.4662861
1.1753706
0.21038063
0.572482
-0.5994164
0.20092694
0.7863109
0.24435337
-1.250796
0.9489423
0.5759545
0.01251737
0.319886
0.23170392
-0.68235934
-0.21918711
-0.4853054
-0.6991335
0.86011946
-0.3754522
-1.0102695
-0.76333785
-0.3222214
-0.23351012
-0.029401302
0.19892322
0.8356139
1.001847
-0.06613149
0.38271773
0.16530785
0.43655908
0.18469796
0.3086863
-0.1928913
-0.120951384
0.14338793
1.6649051
1.3019601
0.17533919
0.4058303
0.9033787
-0.4269404
-0.17484985
0.97164416
-0.11829577
-0.30370417
0.77388984
0.2796925
-0.2495806
-0.3096103
-0.13559924
-0.21170272
-0.38900372
-0.15587631
-0.07299278
0.09090349
-0.38975772
-0.5005026
0.47787154
0.6478021
0.44663465
-0.4333036
-0.66033
0.3400143
0.615008
0.044915423
-0.14293736
-0.32298574
-0.71945566
-0.56762534
-0.21813123
-0.09284375
0.8405454
-0.97308755
-0.37687054
-1.2322423
0.076381944
0.26863065
0.10960939
0.48883784
-0.5944904
-0.64208394
1.3049675
0.34909302
-0.16824688
-0.47404227
-0.7984738
0.5946032
0.7555427
-0.5125507
-0.19587044
0.7371385
0.15315421
0.22398849
0.9191541
-0.55098313
0.23636672
1.2388108
-0.32052016
-0.5091334
-0.3944399
1.3429667
1.0861661
-0.64674336
-0.18309358
-0.041094746
0.67910516
-0.20101662
0.9709474
0.5888206
0.2805051
-1.1109679
-1.4129522
0.64379835
-0.2543593
0.2959467
0.49027935
-0.17745003
1.0451014
1.1321557
0.97002006
1.2545636
0.74066734

