-1.0475041
1.3777866
-0.46419868
0.10746265
1.7321062
-0.007805977
-1.2054087
-2.2922804
-0.6302421
-1.3358765
-0.9165964
-0.4363749
1.1040108
1.1949652
-1.0237637
-1.7550701
-1.0880142
1.0303953
-1.8757358
-2.7097273
-0.24466795
0.9775149
-0.063508525
-1.7484279
-1.0296248
-1.6970674
-0.2801521
1.541063
-3.0085986
-0.380824
-2.0237877
1.2956129
-1.519562
-0.81161064
-0.78141016
0.8931498
-1.059799
0.82988256
-0.45098314
-0.9964257
0.85719854
0.13732551
-1.5038164
-2.2935362
0.29953519
-0.97406435
1.6993258
-1.887458
0.47282526
-0.74995077
0.5283805
-1.512408
-1.2788929
-0.52839595
1.2242459
-0.8135485
0.79459506
1.3012815
-0.8599576
-1.8446016
0.394593
1.4810985
-0.19541964
-0.46232116
-0.8571755
-2.0800467
-1.5308814
-1.9418535
-0.30085316
0.8935437
1.3688066
-1.4020345
1.5039288
-1.4345596
0.22183435
-1.3210534
-1.5137117
0.7416559
-1.4164065
-1.6128454
-1.8950518
-0.73953587
-2.0301921
0.853118
-1.0394733
1.6761843
-0.19826864
-1.553701
-0.32418376
0.7648479
-0.8283316
0.44760305
0.50166845
0.9420991
-0.2328139
-1.6189796
0.2789021
-0.7660384
0.6062986
-2.7409906
0.33325943
-2.6735048
-1.284536
1.0167646
-2.553682
1.1105794
-0.93783456
-0.69035935
-0.40732706
-0.34981835
-2.1624467
0.4649079
0.7575528
-1.1490912
-1.0326389
-0.041929338
-0.69912523
-0.14170295
0.9528498
-2.0060077
-2.231241
-1.9921514
-2.059923
0.30529073
0.38804632
-0.33682176
-4.283849
0.9801627
1.3612745
0.77436745
-3.0896273
-1.2372403
-1.486305
-0.63223916
0.7168207
-1.1548076
-2.3293116
0.7018458
-0.096278146
1.2966477
0.43431568
-0.018553158
-1.6085317
-2.5087087
-0.42237806
1.4339279
1.0434182
-1.3239429
-0.2622226
-1.1798877
-0.6193942
-1.6052591
1.4585222
-1.023657
-2.477177
0.85599524
0.9899976
-2.0939205
-0.09048284
-1.8890287
1.3976856
-0.23881832
-1.029968
0.267401
-2.5781476
-1.9423212
-1.3813583
-0.24625596
0.13266855
1.3141557
-0.11901087
-2.1300633
-0.92816246
-1.0802858
-0.024507515
-0.49517724
1.2773056
-2.1875792
-0.47212386
1.4806967
-0.42800584
-0.673139
1.7941101
-1.129295
1.2203543
-0.08517541
-0.8116571
-1.3092409
-1.844428
0.5323318
-0.28199747
-1.305925
1.5471942
0.9507371
-1.9955842
-1.293024
-1.2177969
-1.1270888
0.61638093
-0.7541976

