-0.27261773
0.059057046
-0.5968181
-0.092378445
0.26237753
-0.5526591
0.19866592
0.46006438
0.27777553
0.15857174
-0.27957273
0.18297116
0.15714225
-0.39564428
0.23291671
-0.30331743
-0.2473863
-0.24643199
-0.33792558
0.108452395
0.1619155
-0.5352412
0.60207474
0.14174064
-0.0355679
0.41788048
-0.33020425
0.13253845
0.34029302
-0.717474
0.7719045
0.14210771
0.29408774
0.008729823
-0.58999217
0.62867135
-0.14717971
0.1645316
-0.53547096
0.30758563
0.47372994
-0.20770922
-0.43722454
-0.046518594
-0.24314965
-0.067252226
-0.31067434
-0.12499079
-0.0915799
0.038692705
0.15853836
0.4717498
0.10387016
-0.0094654085
0.22888717
0.09987927
-0.34775847
-0.1102982
-0.045774963
-0.06931977
-0.0038494838
0.18811011
0.24340029
-0.44914606
-0.21879117
0.2888872
0.033841502
-0.23877673
0.3630249
0.39746535
-0.38186708
0.026938826
0.20719104
0.3878332
-0.323177
-0.12232132
0.14288484
0.4190691
-0.33376265
-0.21117921
-0.27774012
-0.017673606
0.0044306437
0.40540808
0.24043359
0.3881369
-0.33096185
-0.21823648
0.071488366
-0.12457322
-0.21856977
-0.05267504
-0.31371135
-0.070550315
0.26296356
-0.17939018
-0.27456403
0.052681167
0.55540633
-0.43501717
-0.30232146
0.031607945
0.19149697
-0.26621604
-0.096674636
0.38526094
-0.2882251
0.2964313
0.14980131
0.06464803
-0.4710897
-0.20189641
0.09816433
0.5349283
-0.18232061
0.018500486
0.31151262
0.28820398
-0.31589207
-0.075546235
-0.5792453
0.36599693
-0.45955554
-0.28100786
0.09137954
0.32250103
-0.3826189
0.32845184
-0.24301846
-0.13043325
0.17248085
0.45027524
-0.3200794
-0.16914359
-0.17710702
-0.38435602
-0.24511446
0.41336477
-0.18605812
-0.16337708
0.35485637
0.0005079948
-0.056063224
0.42933643
-0.19390132
0.15540002
-0.025187787
0.26096883
-0.34536004
-0.27426618
0.22477402
-0.38533214
0.822637
-0.28140086
0.078548566
0.45165828
0.35279593
0.22815076
-0.12580444
-0.57315594
-0.19045933
-0.1439124
-0.3145225
0.17609812
-0.32973027
0.18757334
-0.06756252
0.29747748
-0.012945561
0.12825775
0.13714905
0.18329233
-0.4805211
-0.1995192
-0.17291582
-0.23405479
0.18888204
-0.31530192
-0.6769263
0.017401733
-0.29181132
0.22787984
0.17715201
-0.05049765
-0.24583134
0.07935052
-0.11068683
0.12323304
0.5354861
-0.26863182
-0.35282114
-0.05796121
-0.30418336
-0.23230341
0.2865693
-0.4030107
-0.06830812
0.36866903
0.20688905
-0.45341864
