-0.074891
-0.074891
-0.074891
-0.074891
-0.074891
-0.074891
-0.074891
-0.074891
-0.074891
-0.074891
-0.074891
-0.074891
-0.074891
-0.074891
0.074891
-0.074891
-0.074891
-0.074891
-0.074891
-0.074891
-0.074891
-0.074891
-0.074891
-0.074891
-0.074891
0.074891
0.074891
0.074891
0.074891
0.074891
0.074891
0.074891
0.074891
-0.074891
-0.074891
-0.074891
-0.074891
0.074891
0.074891
0.074891
0.074891
0.074891
0.074891
0.074891
0.074891
-0.074891
-0.074891
-0.074891
-0.074891
0.074891
-0.074891
-0.074891
0.074891
-0.074891
-0.074891
0.074891
0.074891
-0.074891
-0.074891
-0.074891
-0.074891
-0.074891
-0.074891
-0.074891
-0.074891
-0.074891
0.074891
0.074891
0.074891
-0.074891
-0.074891
-0.074891
-0.074891
-0.074891
-0.074891
-0.074891
-0.074891
-0.074891
0.074891
0.074891
-0.074891
-0.074891
-0.074891
-0.074891
-0.074891
-0.074891
-0.074891
-0.074891
-0.074891
0.074891
0.074891
0.074891
-0.074891
-0.074891
-0.074891
-0.074891
-0.074891
-0.074891
-0.074891
-0.074891
0.074891
0.074891
0.074891
-0.074891
-0.074891
-0.074891
-0.074891
-0.074891
-0.074891
-0.074891
-0.074891
-0.074891
0.074891
0.074891
0.074891
-0.074891
-0.074891
-0.074891
-0.074891
-0.074891
-0.074891
-0.074891
-0.074891
0.074891
0.074891
0.074891
-0.074891
-0.074891
-0.074891
-0.074891
-0.074891
-0.074891
-0.074891
-0.074891
-0.074891
0.074891
0.074891
-0.074891
-0.074891
-0.074891
-0.074891
-0.074891
-0.074891
-0.074891
0.000000
0.000000
0.000000
0.000000
0.000000
0.000000
0.000000
0.000000
0.000000
0.000000
0.000000
0.000000
0.000000
0.000000
0.000000
0.000000
0.000000
0.000000
0.000000
0.000000
0.000000
0.000000
0.000000
0.000000
0.000000
0.010748
0.010748
0.010748
0.010748
0.010748
0.010748
0.010748
0.010748
0.000000
0.000000
0.000000
0.000000
0.010748
0.010748
0.010748
0.010748
0.010748
0.010748
0.010748
0.010748
0.010748
0.000000
0.000000
0.000000
0.000000
0.000000
0.000000
0.010748
0.010748
0.010748
0.010748
0.010748
0.010748
0.000000
0.000000
0.000000
0.000000
0.000000
0.000000
0.000000
0.000000
0.010748
0.010748
0.010748
0.000000
0.000000
0.000000
0.000000
0.000000
0.000000
0.000000
0.000000
0.000000
0.010748
0.010748
0.010748
0.000000
0.000000
0.000000
0.000000
0.000000
0.000000
0.000000
0.000000
0.010748
0.010748
0.010748
0.000000
0.000000
0.000000
0.000000
0.000000
0.000000
0.000000
0.000000
0.000000
0.010748
0.010748
0.010748
0.000000
0.000000
0.000000
0.000000
0.000000
0.000000
0.000000
0.000000
0.010748
0.010748
0.010748
0.000000
0.000000
0.000000
0.000000
0.000000
0.000000
0.000000
0.000000
0.010748
0.010748
0.010748
0.010748
0.000000
0.000000
0.000000
0.000000
0.000000
0.000000
0.000000
0.000000
0.010748
0.010748
0.010748
0.000000
0.000000
0.000000
0.000000
0.000000
0.000000
-0.017486
-0.017486
-0.017486
-0.017486
-0.017486
-0.017486
-0.017486
-0.017486
-0.017486
-0.017486
-0.017486
-0.017486
-0.017486
-0.017486
-0.017486
-0.017486
-0.017486
-0.017486
-0.017486
-0.017486
-0.017486
-0.017486
-0.017486
-0.017486
-0.017486
-0.017486
0.017486
0.017486
-0.017486
-0.017486
-0.017486
-0.017486
-0.017486
-0.017486
-0.017486
-0.017486
-0.017486
-0.017486
0.017486
0.017486
0.017486
0.017486
0.017486
0.017486
0.017486
0.017486
0.017486
-0.017486
-0.017486
0.017486
0.017486
0.017486
0.017486
0.017486
0.017486
0.017486
0.017486
0.017486
0.017486
-0.017486
-0.017486
-0.017486
-0.017486
-0.017486
-0.017486
0.017486
0.017486
0.017486
0.017486
0.017486
-0.017486
-0.017486
-0.017486
-0.017486
-0.017486
-0.017486
-0.017486
-0.017486
-0.017486
0.017486
0.017486
0.017486
-0.017486
-0.017486
-0.017486
-0.017486
-0.017486
-0.017486
-0.017486
-0.017486
0.017486
0.017486
0.017486
0.017486
-0.017486
-0.017486
-0.017486
-0.017486
-0.017486
-0.017486
-0.017486
0.017486
0.017486
0.017486
0.017486
-0.017486
-0.017486
-0.017486
-0.017486
-0.017486
-0.017486
-0.017486
-0.017486
0.017486
0.017486
0.017486
-0.017486
-0.017486
-0.017486
-0.017486
-0.017486
-0.017486
-0.017486
-0.017486
0.017486
0.017486
0.017486
0.017486
-0.017486
-0.017486
-0.017486
-0.017486
-0.017486
-0.017486
-0.017486
-0.017486
0.017486
0.017486
0.017486
-0.017486
-0.017486
-0.017486
-0.017486
-0.017486
0.006128
0.006128
0.006128
0.006128
0.006128
0.006128
0.006128
0.006128
0.006128
0.006128
0.006128
0.006128
0.003969
0.003969
0.003969
0.003969
0.003969
0.003969
0.003969
0.003969
0.003969
0.003969
0.003969
0.003969
0.000000
0.000000
0.004001
0.004001
0.000000
0.000000
0.000000
0.000000
0.000000
0.000000
0.000000
0.000000
0.001726
0.001726
0.000514
0.000514
0.000514
0.000514
0.000514
0.000514
0.000514
0.001726
0.001726
0.001726
0.005574
0.005574
0.005574
0.005574
0.005574
0.000000
0.000000
0.000000
0.000000
0.000000
0.005574
0.005574
0.006263
0.006263
0.006263
0.006263
0.006263
0.006263
0.006263
0.006087
0.000000
0.006263
0.006263
0.006263
0.006128
0.006128
0.006128
0.006128
0.006128
0.006128
0.006128
0.000000
0.006128
0.006128
0.006128
0.006128
0.006128
0.006128
0.006128
0.006128
0.006128
0.006128
0.006128
0.000000
0.006128
0.006128
0.006128
0.006128
0.006128
0.006128
0.006128
0.006128
0.006128
0.006128
0.000000
0.000000
0.006128
0.006128
0.006128
0.006128
0.006128
0.006128
0.006128
0.006128
0.006128
0.006128
0.000000
0.006128
0.006128
0.006128
0.006128
0.006128
0.006128
0.006128
0.006128
0.006128
0.006128
0.000000
0.006128
0.006128
0.006128
0.006128
0.006128
0.006128
0.006128
0.006128
0.006128
0.006128
0.000000
0.000000
0.006128
0.006128
0.006128
0.006128
0.006128
0.006128
0.038492
0.038492
0.038492
0.038492
0.038492
0.038492
0.038492
0.038492
0.038492
0.038492
0.038492
0.038492
0.028749
0.028749
0.028749
0.028749
0.028749
0.028749
0.028749
0.028749
0.028749
0.028749
0.028749
0.028749
-0.024250
0.054019
0.054019
0.054019
0.054019
0.054019
0.054019
0.054019
0.054019
0.054019
-0.024250
-0.024250
-0.067591
-0.067591
0.070766
0.070766
0.070766
0.070766
0.070766
0.070766
0.070766
0.067591
-0.067591
-0.067591
-0.032412
-0.032412
-0.032412
-0.032412
-0.032412
0.050038
0.050038
0.050038
0.050038
0.032412
-0.032412
-0.032412
-0.009593
-0.009593
-0.009593
-0.009593
-0.009593
-0.009593
-0.009593
0.016613
0.016613
-0.009593
-0.009593
-0.009593
-0.006324
-0.006324
-0.006324
-0.006324
-0.006324
-0.006324
0.006324
0.006324
0.006324
-0.006324
-0.006324
-0.006324
-0.006324
-0.006324
-0.006324
-0.006324
-0.006324
-0.006324
0.006324
0.006324
-0.006324
-0.006324
-0.006324
-0.006324
0.000344
0.000344
0.000344
0.000344
0.000344
0.005307
0.005307
0.005307
0.000344
0.000344
0.000344
0.000344
0.022637
0.022637
0.022637
0.022637
0.022637
-0.010101
0.022637
0.022637
0.022637
0.022637
0.022637
0.022637
0.037106
0.037106
0.037106
0.037106
0.037106
-0.031925
0.037106
0.037106
0.037106
0.037106
0.037106
0.037106
0.038492
0.038492
0.038492
0.038492
-0.038492
-0.038492
0.038492
0.038492
0.038492
0.038492
0.038492
0.038492
