0.381717
0.381717
0.381717
0.381717
0.381717
0.381717
0.381717
0.381717
0.381717
0.381717
0.381717
0.381717
0.381717
0.381717
0.381717
0.381717
0.381717
0.381717
0.381717
0.381717
0.381717
0.381717
0.381717
0.381717
0.381717
0.381717
0.381717
0.381717
0.381717
0.381717
0.381717
0.381717
0.381717
0.381717
0.381717
0.381717
0.381717
0.381717
0.381717
0.381717
0.381717
0.381717
0.381717
0.381717
0.381717
0.381717
0.381717
0.381717
0.381717
0.381717
0.381717
0.381717
0.381717
0.381717
0.381717
0.381717
0.381717
0.381717
0.381717
0.381717
0.381717
0.381717
0.381717
0.381717
0.381717
0.381717
0.381717
0.381717
0.381717
0.381717
0.381717
0.381717
0.381717
0.381717
0.381717
0.381717
0.381717
0.381717
0.381717
0.381717
0.381717
0.381717
0.381717
0.381717
0.381717
0.381717
0.381717
0.381717
0.381717
0.381717
0.381717
0.381717
0.381717
0.381717
0.381717
0.381717
0.381717
0.381717
0.381717
0.381717
0.381717
0.381717
0.381717
0.381717
0.381717
0.381717
0.381717
0.381717
0.381717
0.381717
0.381717
0.381717
0.381717
0.381717
0.381717
0.381717
0.381717
0.381717
0.381717
0.381717
0.381717
0.381717
0.381717
0.381717
0.381717
0.381717
0.381717
0.381717
0.381717
0.381717
0.381717
0.381717
0.381717
0.381717
0.227973
-0.148779
-0.345492
-0.287773
-0.098740
0.154363
0.289783
0.375901
0.381717
0.381717
0.381717
0.381717
0.381717
0.381717
0.381717
0.381717
0.381717
0.381717
0.381717
0.381717
0.381717
0.381717
0.381717
0.381717
0.381717
0.381717
-0.227576
-1.265448
-1.676114
-1.699855
-1.430314
-1.092815
-0.734490
-0.510613
-0.464990
-0.464990
-0.464990
-0.464990
-0.464990
-0.464990
-0.413742
-0.133804
0.235459
0.373316
0.381717
0.381717
0.381717
0.381717
0.381717
0.381717
0.381717
0.381717
-0.373163
-1.524153
-2.092874
-2.180704
-2.216289
-2.258428
-2.149192
-1.961301
-1.867047
-1.928611
-1.933296
-1.925975
-1.878401
-1.875539
-1.861600
-1.295826
-0.302990
0.303232
0.381717
0.381717
0.381717
0.381717
0.381717
0.381717
0.381717
0.381717
-0.033442
-0.673354
-1.057905
-1.130717
-1.318050
-1.667163
-2.020277
-2.037981
-1.997557
-2.157828
-2.197547
-2.173239
-2.023808
-2.328301
-2.859647
-2.242569
-0.812002
0.157490
0.381717
0.381717
0.381717
0.381717
0.381717
0.381717
0.381717
0.381717
0.305281
0.158738
0.068420
0.027512
-0.040848
-0.268689
-0.606242
-0.706061
-0.767858
-0.864522
-0.953079
-0.929186
-0.938050
-1.841561
-2.761092
-2.157908
-0.725001
0.112292
0.381717
0.381717
0.381717
0.381717
0.381717
0.381717
0.381717
0.381717
0.381717
0.381717
0.381717
0.381717
0.381717
0.362323
0.282844
0.255675
0.213906
0.197094
0.139309
0.108170
-0.474385
-1.820245
-2.311578
-1.462460
-0.329051
0.246810
0.381717
0.381717
0.381717
0.381717
0.381717
0.381717
0.381717
0.381717
0.381717
0.381717
0.381717
0.381717
0.381717
0.381717
0.381717
0.381717
0.381717
0.381717
0.381717
0.092451
-1.095301
-2.331255
-2.106717
-0.842840
0.032607
0.362092
0.381717
0.381717
0.381717
0.381717
0.381717
0.381717
0.381717
0.381717
0.381717
0.381717
0.381717
0.381717
0.381717
0.381717
0.381717
0.381717
0.381717
0.381717
0.273730
-0.545608
-1.921916
-2.393721
-1.528852
-0.396610
0.243954
0.381717
0.381717
0.381717
0.381717
0.381717
0.381717
0.381717
0.381717
0.381717
0.381717
0.381717
0.381717
0.381717
0.381717
0.381717
0.381717
0.381717
0.381717
0.381717
-0.004273
-1.296055
-2.384279
-1.967185
-0.758377
-0.006209
0.333745
0.381717
0.381717
0.381717
0.381717
0.381717
0.381717
0.381717
0.381717
0.381717
0.381717
0.381717
0.381717
0.381717
0.381717
0.381717
0.381717
0.381717
0.381717
0.365245
-0.402730
-1.882772
-2.308040
-1.278114
-0.205050
0.308748
0.381717
0.381717
0.381717
0.381717
0.381717
0.381717
0.381717
0.381717
0.381717
0.381717
0.381717
0.381717
0.381717
0.381717
0.381717
0.381717
0.381717
0.381717
0.381717
0.129354
-1.042530
-2.191844
-1.819560
-0.613613
0.108590
0.376266
0.381717
0.381717
0.381717
0.381717
0.381717
0.381717
0.381717
0.381717
0.381717
0.381717
0.381717
0.381717
0.381717
0.381717
0.381717
0.381717
0.381717
0.381717
0.244446
-0.563740
-1.845326
-2.153381
-1.188020
-0.173849
0.318481
0.381717
0.381717
0.381717
0.381717
0.381717
0.381717
0.381717
0.381717
0.381717
0.381717
0.381717
0.381717
0.381717
0.381717
0.381717
0.381717
0.381717
0.381717
0.346942
-0.247404
-1.545015
-2.344693
-1.794951
-0.587079
0.122050
0.381717
0.381717
0.381717
0.381717
0.381717
0.381717
0.381717
0.381717
0.381717
0.381717
0.381717
0.381717
0.381717
0.381717
0.381717
0.381717
0.381717
0.381717
0.376226
-0.042594
-1.218565
-2.256833
-2.255656
-1.128836
-0.142996
0.319571
0.381717
0.381717
0.381717
0.381717
0.381717
0.381717
0.381717
0.381717
0.381717
0.381717
0.381717
0.381717
0.381717
0.381717
0.381717
0.381717
0.381717
0.381717
0.304917
-0.690317
-2.116271
-2.434519
-1.569995
-0.468205
0.163130
0.381717
0.381717
0.381717
0.381717
0.381717
0.381717
0.381717
0.381717
0.381717
0.381717
0.381717
0.381717
0.381717
0.381717
0.381717
0.381717
0.381717
0.381717
0.324978
-0.194327
-1.552585
-2.364121
-1.896005
-0.741721
0.011520
0.343558
0.381717
0.381717
0.381717
0.381717
0.381717
0.381717
0.381717
0.381717
0.381717
0.381717
0.381717
0.381717
0.381717
0.381717
0.381717
0.381717
0.381717
0.381717
0.063384
-1.055794
-2.282728
-2.226510
-1.082752
-0.136670
0.296692
0.381717
0.381717
0.381717
0.381717
0.381717
0.381717
0.381717
0.381717
0.381717
0.381717
0.381717
0.381717
0.381717
0.381717
0.381717
0.381717
0.381717
0.381717
0.270070
-0.557298
-1.919325
-2.783153
-2.150727
-0.629769
0.190682
0.380627
0.381717
0.381717
0.381717
0.381717
0.381717
0.381717
0.381717
0.381717
0.381717
0.381717
0.381717
0.381717
0.381717
0.381717
0.381717
0.381717
0.381717
0.381717
0.012858
-1.261722
-2.493656
-2.990949
-2.009644
-0.508184
0.262695
0.381717
0.381717
0.381717
0.381717
0.381717
0.381717
0.381717
0.381717
0.381717
0.381717
0.381717
0.381717
0.381717
0.381717
0.381717
0.381717
0.381717
0.381717
0.381717
-0.201712
-1.662607
-2.722360
-2.562854
-1.345624
-0.314142
0.282050
0.381717
0.381717
0.381717
0.381717
0.381717
0.381717
0.381717
0.381717
0.381717
0.381717
0.381717
0.381717
0.381717
0.381717
0.381717
0.381717
0.381717
0.381717
0.381717
-0.048698
-1.018201
-1.712185
-1.375833
-0.515847
0.068132
0.338106
0.381717
0.381717
0.381717
0.381717
0.381717
0.381717
0.381717
0.381717
0.381717
0.381717
0.381717
0.054783
0.054783
0.054783
0.054783
0.054783
0.054783
0.054783
0.054783
0.054783
0.054783
0.054783
0.054783
0.054783
0.054783
0.054783
0.054783
0.054783
0.054783
0.054783
0.054783
0.054783
0.054783
0.054783
0.054783
0.054783
0.054783
0.054783
0.054783
0.054783
0.054783
0.054783
0.054783
0.054783
0.054783
0.054783
0.054783
0.054783
0.054783
0.054783
0.054783
0.054783
0.054783
0.054783
0.054783
0.054783
0.054783
0.054783
0.054783
0.054783
0.054783
0.054783
0.054783
0.054783
0.054783
0.054783
0.054783
0.054783
0.054783
0.054783
0.054783
0.054783
0.054783
0.054783
0.054783
0.054783
0.054783
0.054783
0.054783
0.054783
0.054783
0.054783
0.054783
0.054783
0.054783
0.054783
0.054783
0.054783
0.054783
0.054783
0.054783
0.054783
0.054783
0.054783
0.054783
0.054783
0.054783
0.054783
0.054783
0.054783
0.054783
0.054783
0.054783
0.054783
0.054783
0.054783
0.054783
0.054783
0.054783
0.054783
0.054783
0.054783
0.054783
0.054783
0.054783
0.054783
0.054783
0.054783
0.054783
0.054783
0.054783
0.054783
0.054783
0.054783
0.054783
0.054783
0.054783
0.054783
0.054783
0.054783
0.054783
0.054783
0.054783
0.054783
0.054783
0.054783
0.054783
0.054783
0.054783
0.054783
0.054783
0.054783
0.054783
0.054783
0.054783
0.012628
0.112290
0.354318
0.369753
0.386183
0.230758
0.153649
0.075441
0.054783
0.054783
0.054783
0.054783
0.054783
0.054783
0.054783
0.054783
0.054783
0.054783
0.054783
0.054783
0.054783
0.054783
0.054783
0.054783
0.054783
0.054783
-0.037620
0.240231
0.217913
0.214345
0.221024
0.363628
0.443228
0.427001
0.423431
0.423431
0.423431
0.423431
0.423431
0.423431
0.437483
0.446585
0.245409
0.084623
0.054783
0.054783
0.054783
0.054783
0.054783
0.054783
0.054783
0.054783
0.069116
-0.320413
-0.557826
-0.615501
-0.566922
-0.318445
-0.117294
0.126044
0.106815
0.142080
0.158721
0.160729
0.164108
0.111679
0.138040
0.224994
0.273272
0.104635
0.054783
0.054783
0.054783
0.054783
0.054783
0.054783
0.054783
0.054783
0.063923
-0.440870
-0.660227
-0.620933
-0.648370
-0.740362
-0.827969
-0.706579
-0.756000
-0.717576
-0.704165
-0.701055
-0.695042
-0.835969
-0.506503
-0.261695
-0.096900
0.024103
0.054783
0.054783
0.054783
0.054783
0.054783
0.054783
0.054783
0.054783
0.052966
-0.073202
-0.171824
-0.103195
-0.175199
-0.272044
-0.415434
-0.571990
-0.462165
-0.560165
-0.596496
-0.598198
-0.628396
-0.415483
-0.381196
-0.454586
-0.408383
-0.022419
0.054783
0.054783
0.054783
0.054783
0.054783
0.054783
0.054783
0.054783
0.054783
0.054783
0.054783
0.054783
0.054783
0.054322
0.021304
-0.071708
0.014900
-0.074466
-0.084077
-0.094901
-0.126689
0.232687
-0.229126
-0.627963
-0.290833
0.025008
0.054783
0.054783
0.054783
0.054783
0.054783
0.054783
0.054783
0.054783
0.054783
0.054783
0.054783
0.054783
0.054783
0.054783
0.054783
0.054783
0.054783
0.054783
0.054783
-0.004977
0.175602
-0.003102
-0.389101
-0.440138
-0.040082
0.051519
0.054783
0.054783
0.054783
0.054783
0.054783
0.054783
0.054783
0.054783
0.054783
0.054783
0.054783
0.054783
0.054783
0.054783
0.054783
0.054783
0.054783
0.054783
0.025174
0.064019
0.223040
-0.227721
-0.705126
-0.316285
0.013936
0.054783
0.054783
0.054783
0.054783
0.054783
0.054783
0.054783
0.054783
0.054783
0.054783
0.054783
0.054783
0.054783
0.054783
0.054783
0.054783
0.054783
0.054783
0.054783
0.001388
0.129504
-0.106961
-0.484434
-0.561993
-0.103874
0.046804
0.054783
0.054783
0.054783
0.054783
0.054783
0.054783
0.054783
0.054783
0.054783
0.054783
0.054783
0.054783
0.054783
0.054783
0.054783
0.054783
0.054783
0.054783
0.050267
-0.003492
0.043186
-0.312095
-0.648341
-0.190716
0.040609
0.054783
0.054783
0.054783
0.054783
0.054783
0.054783
0.054783
0.054783
0.054783
0.054783
0.054783
0.054783
0.054783
0.054783
0.054783
0.054783
0.054783
0.054783
0.054783
-0.006413
0.182086
-0.021814
-0.456304
-0.468154
-0.022451
0.053877
0.054783
0.054783
0.054783
0.054783
0.054783
0.054783
0.054783
0.054783
0.054783
0.054783
0.054783
0.054783
0.054783
0.054783
0.054783
0.054783
0.054783
0.054783
0.017144
0.091327
0.272330
-0.205294
-0.629064
-0.172297
0.044265
0.054783
0.054783
0.054783
0.054783
0.054783
0.054783
0.054783
0.054783
0.054783
0.054783
0.054783
0.054783
0.054783
0.054783
0.054783
0.054783
0.054783
0.054783
0.045248
-0.005147
0.274393
-0.055888
-0.498703
-0.461686
-0.011638
0.054783
0.054783
0.054783
0.054783
0.054783
0.054783
0.054783
0.054783
0.054783
0.054783
0.054783
0.054783
0.054783
0.054783
0.054783
0.054783
0.054783
0.054783
0.053278
-0.037423
0.311786
0.083439
-0.386934
-0.649837
-0.172226
0.044447
0.054783
0.054783
0.054783
0.054783
0.054783
0.054783
0.054783
0.054783
0.054783
0.054783
0.054783
0.054783
0.054783
0.054783
0.054783
0.054783
0.054783
0.054783
0.036392
0.036238
0.112837
-0.257123
-0.649959
-0.437543
0.004161
0.054783
0.054783
0.054783
0.054783
0.054783
0.054783
0.054783
0.054783
0.054783
0.054783
0.054783
0.054783
0.054783
0.054783
0.054783
0.054783
0.054783
0.054783
0.039226
0.006372
0.335277
-0.152300
-0.623738
-0.597360
-0.094742
0.048436
0.054783
0.054783
0.054783
0.054783
0.054783
0.054783
0.054783
0.054783
0.054783
0.054783
0.054783
0.054783
0.054783
0.054783
0.054783
0.054783
0.054783
0.054783
-0.004948
0.168414
0.083049
-0.345381
-0.549603
-0.173895
0.040234
0.054783
0.054783
0.054783
0.054783
0.054783
0.054783
0.054783
0.054783
0.054783
0.054783
0.054783
0.054783
0.054783
0.054783
0.054783
0.054783
0.054783
0.054783
0.024170
0.071773
0.189112
-0.311646
-0.407185
-0.193939
0.031419
0.054602
0.054783
0.054783
0.054783
0.054783
0.054783
0.054783
0.054783
0.054783
0.054783
0.054783
0.054783
0.054783
0.054783
0.054783
0.054783
0.054783
0.054783
0.054783
0.007863
0.103326
-0.145575
-0.425517
-0.467539
-0.118038
0.037821
0.054783
0.054783
0.054783
0.054783
0.054783
0.054783
0.054783
0.054783
0.054783
0.054783
0.054783
0.054783
0.054783
0.054783
0.054783
0.054783
0.054783
0.054783
0.054783
0.019785
-0.100835
-0.389452
-0.443491
-0.784292
-0.266413
0.021903
0.054783
0.054783
0.054783
0.054783
0.054783
0.054783
0.054783
0.054783
0.054783
0.054783
0.054783
0.054783
0.054783
0.054783
0.054783
0.054783
0.054783
0.054783
0.054783
0.078882
-0.302109
-0.853515
-0.926759
-0.549014
-0.070046
0.047530
0.054783
0.054783
0.054783
0.054783
0.054783
0.054783
0.054783
0.054783
0.054783
0.054783
0.054783
0.089125
0.089125
0.089125
0.089125
0.089125
0.089125
0.089125
0.089125
0.089125
0.089125
0.089125
0.089125
0.089125
0.089125
0.089125
0.089125
0.089125
0.089125
0.089125
0.089125
0.089125
0.089125
0.089125
0.089125
0.089125
0.089125
0.089125
0.089125
0.089125
0.089125
0.089125
0.089125
0.089125
0.089125
0.089125
0.089125
0.089125
0.089125
0.089125
0.089125
0.089125
0.089125
0.089125
0.089125
0.089125
0.089125
0.089125
0.089125
0.089125
0.089125
0.089125
0.089125
0.089125
0.089125
0.089125
0.089125
0.089125
0.089125
0.089125
0.089125
0.089125
0.089125
0.089125
0.089125
0.089125
0.089125
0.089125
0.089125
0.089125
0.089125
0.089125
0.089125
0.089125
0.089125
0.089125
0.089125
0.089125
0.089125
0.089125
0.089125
0.089125
0.089125
0.089125
0.089125
0.089125
0.089125
0.089125
0.089125
0.089125
0.089125
0.089125
0.089125
0.089125
0.089125
0.089125
0.089125
0.089125
0.089125
0.089125
0.089125
0.089125
0.089125
0.089125
0.089125
0.089125
0.089125
0.089125
0.089125
0.089125
0.089125
0.089125
0.089125
0.089125
0.089125
0.089125
0.089125
0.089125
0.089125
0.089125
0.089125
0.089125
0.089125
0.089125
0.089125
0.089125
0.089125
0.089125
0.089125
0.089125
0.089125
0.089125
0.089125
0.089125
0.089125
0.009924
-0.198028
-0.125483
0.137666
0.177384
0.304647
0.171934
0.167796
0.089125
0.089125
0.089125
0.089125
0.089125
0.089125
0.089125
0.089125
0.089125
0.089125
0.089125
0.089125
0.089125
0.089125
0.089125
0.089125
0.089125
0.089125
-0.220949
-0.710282
-0.211044
-0.030040
0.060006
0.137441
0.169822
0.195139
0.069425
0.069425
0.069425
0.069425
0.069425
0.069425
0.095825
0.244657
0.390846
0.202761
0.089125
0.089125
0.089125
0.089125
0.089125
0.089125
0.089125
0.089125
-0.298438
-0.733461
-0.577246
-0.470721
-0.574957
-0.477478
-0.308105
-0.113507
-0.054655
-0.156945
-0.093571
-0.089800
-0.064632
-0.068764
-0.114618
0.202409
0.581409
0.440923
0.089125
0.089125
0.089125
0.089125
0.089125
0.089125
0.089125
0.089125
-0.144800
-0.484077
-0.591566
-0.603731
-0.719595
-0.789756
-0.835360
-0.682830
-0.521784
-0.745961
-0.604566
-0.592225
-0.518562
-0.711256
-1.110871
-0.256377
0.481810
0.406388
0.089125
0.089125
0.089125
0.089125
0.089125
0.089125
0.089125
0.089125
0.042781
-0.058775
-0.126911
-0.146879
-0.193494
-0.339212
-0.526388
-0.526750
-0.532107
-0.612050
-0.586414
-0.574052
-0.584261
-1.095474
-1.268966
-0.239141
0.365985
0.120066
0.089125
0.089125
0.089125
0.089125
0.089125
0.089125
0.089125
0.089125
0.089125
0.089125
0.089125
0.089125
0.089125
0.077366
0.025953
-0.000944
-0.019671
-0.036452
-0.075017
-0.090226
-0.383722
-0.986812
-0.554619
0.129931
0.152160
0.027869
0.089125
0.089125
0.089125
0.089125
0.089125
0.089125
0.089125
0.089125
0.089125
0.089125
0.089125
0.089125
0.089125
0.089125
0.089125
0.089125
0.089125
0.089125
0.089125
-0.058894
-0.670869
-0.852470
-0.198192
0.323501
0.087845
0.076028
0.089125
0.089125
0.089125
0.089125
0.089125
0.089125
0.089125
0.089125
0.089125
0.089125
0.089125
0.089125
0.089125
0.089125
0.089125
0.089125
0.089125
0.089125
0.033496
-0.394775
-0.905670
-0.491538
0.128838
0.142404
0.067532
0.089125
0.089125
0.089125
0.089125
0.089125
0.089125
0.089125
0.089125
0.089125
0.089125
0.089125
0.089125
0.089125
0.089125
0.089125
0.089125
0.089125
0.089125
0.089125
-0.107046
-0.744912
-0.817550
-0.107766
0.224932
-0.063796
0.057109
0.089125
0.089125
0.089125
0.089125
0.089125
0.089125
0.089125
0.089125
0.089125
0.089125
0.089125
0.089125
0.089125
0.089125
0.089125
0.089125
0.089125
0.089125
0.080639
-0.316583
-1.001339
-0.553886
0.196137
0.129677
0.048421
0.089125
0.089125
0.089125
0.089125
0.089125
0.089125
0.089125
0.089125
0.089125
0.089125
0.089125
0.089125
0.089125
0.089125
0.089125
0.089125
0.089125
0.089125
0.089125
-0.040471
-0.661636
-0.848143
-0.095114
0.296868
-0.000949
0.085487
0.089125
0.089125
0.089125
0.089125
0.089125
0.089125
0.089125
0.089125
0.089125
0.089125
0.089125
0.089125
0.089125
0.089125
0.089125
0.089125
0.089125
0.089125
0.018410
-0.405541
-0.825992
-0.355984
0.229347
0.133957
0.046922
0.089125
0.089125
0.089125
0.089125
0.089125
0.089125
0.089125
0.089125
0.089125
0.089125
0.089125
0.089125
0.089125
0.089125
0.089125
0.089125
0.089125
0.089125
0.071211
-0.234707
-0.829444
-0.572404
-0.019508
0.263937
0.006960
0.089125
0.089125
0.089125
0.089125
0.089125
0.089125
0.089125
0.089125
0.089125
0.089125
0.089125
0.089125
0.089125
0.089125
0.089125
0.089125
0.089125
0.089125
0.086296
-0.129093
-0.742256
-0.658932
-0.287432
0.196082
0.078623
0.047650
0.089125
0.089125
0.089125
0.089125
0.089125
0.089125
0.089125
0.089125
0.089125
0.089125
0.089125
0.089125
0.089125
0.089125
0.089125
0.089125
0.089125
0.089125
0.049698
-0.459428
-0.979562
-0.391467
0.080926
0.077918
-0.000798
0.089125
0.089125
0.089125
0.089125
0.089125
0.089125
0.089125
0.089125
0.089125
0.089125
0.089125
0.089125
0.089125
0.089125
0.089125
0.089125
0.089125
0.089125
0.059896
-0.211333
-0.849533
-0.650149
-0.061662
0.091602
-0.036209
0.063658
0.089125
0.089125
0.089125
0.089125
0.089125
0.089125
0.089125
0.089125
0.089125
0.089125
0.089125
0.089125
0.089125
0.089125
0.089125
0.089125
0.089125
0.089125
-0.073460
-0.638611
-0.799699
-0.272462
0.242459
0.039524
0.033979
0.089125
0.089125
0.089125
0.089125
0.089125
0.089125
0.089125
0.089125
0.089125
0.089125
0.089125
0.089125
0.089125
0.089125
0.089125
0.089125
0.089125
0.089125
0.031610
-0.401882
-0.896865
-0.700112
-0.209632
0.469550
0.163908
0.088397
0.089125
0.089125
0.089125
0.089125
0.089125
0.089125
0.089125
0.089125
0.089125
0.089125
0.089125
0.089125
0.089125
0.089125
0.089125
0.089125
0.089125
0.089125
-0.098131
-0.724134
-0.905962
-0.649903
-0.129602
0.474783
0.184556
0.089125
0.089125
0.089125
0.089125
0.089125
0.089125
0.089125
0.089125
0.089125
0.089125
0.089125
0.089125
0.089125
0.089125
0.089125
0.089125
0.089125
0.089125
0.089125
-0.212295
-0.905432
-0.971180
-0.424064
0.106236
0.064079
0.086562
0.089125
0.089125
0.089125
0.089125
0.089125
0.089125
0.089125
0.089125
0.089125
0.089125
0.089125
0.089125
0.089125
0.089125
0.089125
0.089125
0.089125
0.089125
0.089125
-0.139710
-0.573703
-0.699226
-0.405364
-0.175103
-0.095576
0.060020
0.089125
0.089125
0.089125
0.089125
0.089125
0.089125
0.089125
0.089125
0.089125
0.089125
0.089125
0.031234
0.031234
0.031234
0.031234
0.031234
0.031234
0.031234
0.031234
0.031234
0.031234
0.031234
0.031234
0.031234
0.031234
0.031234
0.031234
0.031234
0.031234
0.031234
0.031234
0.031234
0.031234
0.031234
0.031234
0.031234
0.031234
0.031234
0.031234
0.031234
0.031234
0.031234
0.031234
0.031234
0.031234
0.031234
0.031234
0.031234
0.031234
0.031234
0.031234
0.031234
0.031234
0.031234
0.031234
0.031234
0.031234
0.031234
0.031234
0.031234
0.031234
0.031234
0.031234
0.031234
0.031234
0.031234
0.031234
0.031234
0.031234
0.031234
0.031234
0.031234
0.031234
0.031234
0.031234
0.031234
0.031234
0.031234
0.031234
0.031234
0.031234
0.031234
0.031234
0.031234
0.031234
0.031234
0.031234
0.031234
0.031234
0.031234
0.031234
0.031234
0.031234
0.031234
0.031234
0.031234
0.031234
0.031234
0.031234
0.031234
0.031234
0.031234
0.031234
0.031234
0.031234
0.031234
0.031234
0.031234
0.031234
0.031234
0.031234
0.031234
0.031234
0.031234
0.031234
0.031234
0.031234
0.031234
0.031234
0.031234
0.031234
0.031234
0.031234
0.031234
0.031234
0.031234
0.031234
0.031234
0.031234
0.031234
0.031234
0.031234
0.031234
0.031234
0.031234
0.031234
0.031234
0.031234
0.031234
0.031234
0.031234
0.031234
0.031234
0.031234
0.031234
-0.067806
-0.160798
-0.103123
-0.107001
-0.000844
-0.000399
0.039307
0.029369
0.031234
0.031234
0.031234
0.031234
0.031234
0.031234
0.031234
0.031234
0.031234
0.031234
0.031234
0.031234
0.031234
0.031234
0.031234
0.031234
0.031234
0.031234
-0.367625
-0.648375
-0.711010
-0.565839
-0.426006
-0.219114
-0.151155
-0.121754
-0.150975
-0.150975
-0.150975
-0.150975
-0.150975
-0.150975
-0.117962
0.012469
0.038577
0.028540
0.031234
0.031234
0.031234
0.031234
0.031234
0.031234
0.031234
0.031234
-0.273401
-0.483126
-0.244586
-0.373892
-0.561922
-0.748388
-0.714453
-0.643389
-0.708512
-0.698001
-0.699504
-0.694788
-0.671270
-0.707062
-0.652505
-0.277742
0.118998
0.069407
0.031234
0.031234
0.031234
0.031234
0.031234
0.031234
0.031234
0.031234
0.283213
0.409572
0.387930
0.418846
0.228614
0.033818
-0.217733
-0.131946
-0.165728
-0.222697
-0.200109
-0.184147
-0.100545
-0.372951
-0.433127
-0.282167
0.010073
0.123430
0.031234
0.031234
0.031234
0.031234
0.031234
0.031234
0.031234
0.031234
0.140287
0.297771
0.254503
0.249849
0.400253
0.516020
0.504374
0.473420
0.520158
0.430687
0.463260
0.469807
0.408967
-0.039859
-0.338450
0.064759
0.111222
0.056630
0.031234
0.031234
0.031234
0.031234
0.031234
0.031234
0.031234
0.031234
0.031234
0.031234
0.031234
0.031234
0.031234
0.058904
0.159208
0.125749
0.125966
0.214644
0.189555
0.150594
-0.298351
-0.374938
-0.022493
0.237224
0.185876
-0.003219
0.031234
0.031234
0.031234
0.031234
0.031234
0.031234
0.031234
0.031234
0.031234
0.031234
0.031234
0.031234
0.031234
0.031234
0.031234
0.031234
0.031234
0.031234
0.031234
-0.156773
-0.511927
-0.470134
0.268278
0.272124
0.024283
0.022713
0.031234
0.031234
0.031234
0.031234
0.031234
0.031234
0.031234
0.031234
0.031234
0.031234
0.031234
0.031234
0.031234
0.031234
0.031234
0.031234
0.031234
0.031234
-0.038330
-0.418776
-0.428649
-0.010246
0.103590
0.138488
0.030382
0.031234
0.031234
0.031234
0.031234
0.031234
0.031234
0.031234
0.031234
0.031234
0.031234
0.031234
0.031234
0.031234
0.031234
0.031234
0.031234
0.031234
0.031234
0.031234
-0.221883
-0.526731
-0.347048
0.375061
0.375457
0.025657
0.010405
0.031234
0.031234
0.031234
0.031234
0.031234
0.031234
0.031234
0.031234
0.031234
0.031234
0.031234
0.031234
0.031234
0.031234
0.031234
0.031234
0.031234
0.031234
0.020623
-0.328735
-0.368891
0.081823
0.212675
0.137537
0.006252
0.031234
0.031234
0.031234
0.031234
0.031234
0.031234
0.031234
0.031234
0.031234
0.031234
0.031234
0.031234
0.031234
0.031234
0.031234
0.031234
0.031234
0.031234
0.031234
-0.132017
-0.363004
-0.292779
0.273098
0.250804
-0.000576
0.028867
0.031234
0.031234
0.031234
0.031234
0.031234
0.031234
0.031234
0.031234
0.031234
0.031234
0.031234
0.031234
0.031234
0.031234
0.031234
0.031234
0.031234
0.031234
-0.057195
-0.432427
-0.468383
0.040899
0.236763
0.139983
0.003778
0.031234
0.031234
0.031234
0.031234
0.031234
0.031234
0.031234
0.031234
0.031234
0.031234
0.031234
0.031234
0.031234
0.031234
0.031234
0.031234
0.031234
0.031234
0.008832
-0.345854
-0.536551
-0.297147
0.319133
0.232214
-0.005126
0.031234
0.031234
0.031234
0.031234
0.031234
0.031234
0.031234
0.031234
0.031234
0.031234
0.031234
0.031234
0.031234
0.031234
0.031234
0.031234
0.031234
0.031234
0.027697
-0.238195
-0.477276
-0.444463
0.180605
0.225967
0.129724
0.004251
0.031234
0.031234
0.031234
0.031234
0.031234
0.031234
0.031234
0.031234
0.031234
0.031234
0.031234
0.031234
0.031234
0.031234
0.031234
0.031234
0.031234
0.031234
-0.018467
-0.562119
-0.576150
0.052757
0.295784
0.237672
-0.016771
0.031234
0.031234
0.031234
0.031234
0.031234
0.031234
0.031234
0.031234
0.031234
0.031234
0.031234
0.031234
0.031234
0.031234
0.031234
0.031234
0.031234
0.031234
-0.005316
-0.280387
-0.347379
-0.205949
0.271341
0.314060
0.037084
0.014666
0.031234
0.031234
0.031234
0.031234
0.031234
0.031234
0.031234
0.031234
0.031234
0.031234
0.031234
0.031234
0.031234
0.031234
0.031234
0.031234
0.031234
0.031234
-0.176180
-0.585002
-0.516713
0.301227
0.365180
0.100085
-0.004343
0.031234
0.031234
0.031234
0.031234
0.031234
0.031234
0.031234
0.031234
0.031234
0.031234
0.031234
0.031234
0.031234
0.031234
0.031234
0.031234
0.031234
0.031234
-0.040688
-0.401782
-0.441703
-0.275649
0.115974
0.185437
0.020737
0.030761
0.031234
0.031234
0.031234
0.031234
0.031234
0.031234
0.031234
0.031234
0.031234
0.031234
0.031234
0.031234
0.031234
0.031234
0.031234
0.031234
0.031234
0.031234
-0.210999
-0.516025
-0.406580
-0.151805
0.002507
0.105747
0.049973
0.031234
0.031234
0.031234
0.031234
0.031234
0.031234
0.031234
0.031234
0.031234
0.031234
0.031234
0.031234
0.031234
0.031234
0.031234
0.031234
0.031234
0.031234
0.031234
-0.209647
-0.389551
-0.216892
0.086599
0.070557
0.094178
0.041563
0.031234
0.031234
0.031234
0.031234
0.031234
0.031234
0.031234
0.031234
0.031234
0.031234
0.031234
0.031234
0.031234
0.031234
0.031234
0.031234
0.031234
0.031234
0.031234
0.030678
-0.035601
0.017362
0.404438
0.390121
-0.008363
0.012299
0.031234
0.031234
0.031234
0.031234
0.031234
0.031234
0.031234
0.031234
0.031234
0.031234
0.031234
0.196194
0.196194
0.196194
0.196194
0.196194
0.196194
0.196194
0.196194
0.196194
0.196194
0.196194
0.196194
0.196194
0.196194
0.196194
0.196194
0.196194
0.196194
0.196194
0.196194
0.196194
0.196194
0.196194
0.196194
0.196194
0.196194
0.196194
0.196194
0.196194
0.196194
0.196194
0.196194
0.196194
0.196194
0.196194
0.196194
0.196194
0.196194
0.196194
0.196194
0.196194
0.196194
0.196194
0.196194
0.196194
0.196194
0.196194
0.196194
0.196194
0.196194
0.196194
0.196194
0.196194
0.196194
0.196194
0.196194
0.196194
0.196194
0.196194
0.196194
0.196194
0.196194
0.196194
0.196194
0.196194
0.196194
0.196194
0.196194
0.196194
0.196194
0.196194
0.196194
0.196194
0.196194
0.196194
0.196194
0.196194
0.196194
0.196194
0.196194
0.196194
0.196194
0.196194
0.196194
0.196194
0.196194
0.196194
0.196194
0.196194
0.196194
0.196194
0.196194
0.196194
0.196194
0.196194
0.196194
0.196194
0.196194
0.196194
0.196194
0.196194
0.196194
0.196194
0.196194
0.196194
0.196194
0.196194
0.196194
0.196194
0.196194
0.196194
0.196194
0.196194
0.196194
0.196194
0.196194
0.196194
0.196194
0.196194
0.196194
0.196194
0.196194
0.196194
0.196194
0.196194
0.196194
0.196194
0.196194
0.196194
0.196194
0.196194
0.196194
0.196194
0.196194
0.056274
-0.160034
-0.277258
-0.372578
-0.184621
-0.082783
0.102211
0.152165
0.196194
0.196194
0.196194
0.196194
0.196194
0.196194
0.196194
0.196194
0.196194
0.196194
0.196194
0.196194
0.196194
0.196194
0.196194
0.196194
0.196194
0.196194
-0.110851
-0.323145
-0.886004
-1.047567
-1.066778
-0.934856
-0.717129
-0.595029
-0.489085
-0.489085
-0.489085
-0.489085
-0.489085
-0.489085
-0.442444
-0.229866
-0.041477
0.132597
0.196194
0.196194
0.196194
0.196194
0.196194
0.196194
0.196194
0.196194
0.317180
-0.020925
-0.674303
-1.027271
-1.096172
-1.249112
-1.234738
-1.138386
-1.064990
-1.046119
-1.081586
-1.074923
-1.037654
-1.062387
-1.071926
-0.964954
-0.513002
-0.052096
0.196194
0.196194
0.196194
0.196194
0.196194
0.196194
0.196194
0.196194
0.422691
0.286999
-0.378484
-0.429206
-0.384052
-0.499788
-0.753113
-0.818077
-0.828945
-0.789774
-0.897574
-0.887236
-0.829933
-1.105082
-1.234721
-1.463491
-1.107766
-0.248400
0.196194
0.196194
0.196194
0.196194
0.196194
0.196194
0.196194
0.196194
0.249447
0.253431
0.058176
0.015348
0.120172
0.072535
-0.024279
-0.319721
-0.304579
-0.249781
-0.388263
-0.397418
-0.568528
-0.639569
-0.939228
-1.398292
-1.176330
-0.272245
0.196194
0.196194
0.196194
0.196194
0.196194
0.196194
0.196194
0.196194
0.196194
0.196194
0.196194
0.196194
0.196194
0.209706
0.240185
0.139315
0.106078
0.187142
0.077612
0.034608
-0.293670
-0.250751
-0.622360
-1.321871
-0.815798
-0.049544
0.196194
0.196194
0.196194
0.196194
0.196194
0.196194
0.196194
0.196194
0.196194
0.196194
0.196194
0.196194
0.196194
0.196194
0.196194
0.196194
0.196194
0.196194
0.196194
-0.002251
-0.088836
-0.483632
-1.064701
-1.216750
-0.421517
0.158995
0.196194
0.196194
0.196194
0.196194
0.196194
0.196194
0.196194
0.196194
0.196194
0.196194
0.196194
0.196194
0.196194
0.196194
0.196194
0.196194
0.196194
0.196194
0.097916
-0.138490
-0.242508
-0.653946
-1.340346
-0.856945
-0.040546
0.196194
0.196194
0.196194
0.196194
0.196194
0.196194
0.196194
0.196194
0.196194
0.196194
0.196194
0.196194
0.196194
0.196194
0.196194
0.196194
0.196194
0.196194
0.196194
0.018724
-0.089914
-0.501729
-1.081185
-1.099574
-0.415578
0.105263
0.196194
0.196194
0.196194
0.196194
0.196194
0.196194
0.196194
0.196194
0.196194
0.196194
0.196194
0.196194
0.196194
0.196194
0.196194
0.196194
0.196194
0.196194
0.181202
-0.004189
-0.157009
-0.719288
-1.343908
-0.714081
0.060654
0.196194
0.196194
0.196194
0.196194
0.196194
0.196194
0.196194
0.196194
0.196194
0.196194
0.196194
0.196194
0.196194
0.196194
0.196194
0.196194
0.196194
0.196194
0.196194
-0.006964
-0.051673
-0.360959
-1.048903
-1.082187
-0.278712
0.185861
0.196194
0.196194
0.196194
0.196194
0.196194
0.196194
0.196194
0.196194
0.196194
0.196194
0.196194
0.196194
0.196194
0.196194
0.196194
0.196194
0.196194
0.196194
0.071265
-0.163552
-0.251845
-0.642186
-1.240155
-0.684663
0.076331
0.196194
0.196194
0.196194
0.196194
0.196194
0.196194
0.196194
0.196194
0.196194
0.196194
0.196194
0.196194
0.196194
0.196194
0.196194
0.196194
0.196194
0.196194
0.164545
-0.126781
-0.184857
-0.609608
-1.087950
-1.050967
-0.264407
0.196194
0.196194
0.196194
0.196194
0.196194
0.196194
0.196194
0.196194
0.196194
0.196194
0.196194
0.196194
0.196194
0.196194
0.196194
0.196194
0.196194
0.196194
0.191197
-0.129471
-0.146340
-0.521051
-0.915607
-1.273300
-0.617013
0.078397
0.196194
0.196194
0.196194
0.196194
0.196194
0.196194
0.196194
0.196194
0.196194
0.196194
0.196194
0.196194
0.196194
0.196194
0.196194
0.196194
0.196194
0.196194
0.135137
-0.085746
-0.326780
-0.797530
-1.240094
-0.874900
-0.198735
0.196194
0.196194
0.196194
0.196194
0.196194
0.196194
0.196194
0.196194
0.196194
0.196194
0.196194
0.196194
0.196194
0.196194
0.196194
0.196194
0.196194
0.196194
0.144557
-0.163898
-0.091999
-0.511420
-1.197555
-1.026094
-0.389169
0.123863
0.196194
0.196194
0.196194
0.196194
0.196194
0.196194
0.196194
0.196194
0.196194
0.196194
0.196194
0.196194
0.196194
0.196194
0.196194
0.196194
0.196194
0.196194
-0.002191
-0.145121
-0.494546
-0.920397
-1.257164
-0.602391
0.035583
0.196194
0.196194
0.196194
0.196194
0.196194
0.196194
0.196194
0.196194
0.196194
0.196194
0.196194
0.196194
0.196194
0.196194
0.196194
0.196194
0.196194
0.196194
0.094585
-0.117834
-0.257698
-0.974091
-1.506787
-1.168540
-0.182629
0.194127
0.196194
0.196194
0.196194
0.196194
0.196194
0.196194
0.196194
0.196194
0.196194
0.196194
0.196194
0.196194
0.196194
0.196194
0.196194
0.196194
0.196194
0.196194
0.040206
-0.087653
-0.594664
-1.317750
-1.578841
-1.088282
-0.037258
0.196194
0.196194
0.196194
0.196194
0.196194
0.196194
0.196194
0.196194
0.196194
0.196194
0.196194
0.196194
0.196194
0.196194
0.196194
0.196194
0.196194
0.196194
0.196194
0.133508
-0.099144
-0.800996
-1.225232
-1.303922
-0.752351
0.029447
0.196194
0.196194
0.196194
0.196194
0.196194
0.196194
0.196194
0.196194
0.196194
0.196194
0.196194
0.196194
0.196194
0.196194
0.196194
0.196194
0.196194
0.196194
0.196194
0.382749
0.372845
-0.327932
-0.908813
-0.735815
-0.302994
0.113530
0.196194
0.196194
0.196194
0.196194
0.196194
0.196194
0.196194
0.196194
0.196194
0.196194
0.196194
