00000007
00000007
00000007
00000007
00000007
0000001B
00000021
00000015
00000000
00000000
0000000D
00000017
00000023
00000017
00000009
00000007
00000009
00000005
00000003
0000000F
00000007
00000009
00000000
0000000F
00000009
00000001
00000001
00000001
00000001
00000001
0000000D
00000017
00000011
0000000F
0000000D
00000003
00000003
00000001
00000013
00000005
00000001
00000001
00000001
0000000D
00000001
00000001
00000001
00000011
00000007
00000001
00000013
0000001B
00000017
00000013
00000011
00000003
00000007
00000017
0000001B
0000001B
00000003
00000001
0000000F
0000000D
00000000
00000001
00000003
0000000F
00000001
00000001
00000001
0000000D
0000000B
00000000
00000001
00000000
00000000
00000003
00000000
00000003
00000000
00000000
00000003
00000000
00000015
00000000
00000000
00000000
00000000
00000019
00000000
00000000
00000000
0000001D
00000015
00000000
00000000
0000000D
0000001B
00000000
00000000
00000000
00000000
00000000
00000000
00000000
00000011
00000015
00000019
0000000B
00000000
00000000
00000000
0000000B
00000007
00000000
00000000
00000000
00000000
00000000
00000000
00000000
00000001
00000001
00000000
