0.2780206
0.35366255
0.29091433
0.27395338
0.69247663
0.6161582
0.04120083
0.5825324
0.46672326
0.04624219
0.4753383
0.00691662
0.14949693
0.38339913
-0.0577025
-0.14632815
-0.45641762
0.12797196
0.18554762
0.26278636
0.17638539
-0.22486965
0.12174261
0.30587077
-0.5572523
0.34219295
0.24043083
0.12071261
-0.30822286
-0.41505295
-0.22276954
0.44661197
0.41622615
0.01321389
-0.07920846
0.30065852
0.5269839
0.1270144
-0.20268057
0.37792975
0.32600248
-0.19047338
0.3118687
0.14592902
0.42475757




