-1.31E-01
1.11E-02
-5.24E-02
3.12E-02
-8.59E-03
1.25E-01
2.91E-01
1.01E-01
6.33E-02
-1.68E-02
5.39E-02
4.06E-01
1.06E-01
-6.15E-03
8.54E-02
1.78E-01
-3.61E-03
5.83E-03
-2.02E-01
-1.62E-01
3.55E-01
2.23E-01
-3.84E-03
2.22E-01
-9.46E-02
2.72E-01
-4.00E-02
-6.27E-02
2.45E-01
1.64E-01
-1.01E-01
7.99E-02
3.66E-02
-2.81E-01
1.23E-01
3.56E-01
-1.39E-02
5.58E-02
-2.95E-03
1.87E-01
2.85E-01
1.49E-01
1.21E-01
2.30E-01
-1.18E-01
9.95E-02
-2.98E-01
-9.38E-02
1.81E-01
-4.46E-04
7.32E-02
-1.86E-01
-5.61E-02
1.22E-01
8.94E-02
1.93E-02
-2.85E-01
-9.46E-02
2.30E-01
1.61E-01
-2.82E-03
5.25E-02
1.31E-01
-4.19E-03
-1.45E-01
7.85E-02
-2.21E-01
1.05E-01
1.68E-01
-5.55E-02
2.17E-01
4.67E-02
1.93E-01
1.39E-01
1.83E-01
3.31E-02
-2.94E-01
2.06E-01
-3.20E-02
4.22E-04
5.44E-02
-1.12E-01
-1.57E-02
-6.98E-02
-5.05E-02
-9.74E-02
-4.78E-02
-3.61E-02
3.92E-02
-2.00E-01
1.71E-01
2.06E-01
-3.34E-02
1.30E-01
-6.19E-02
1.90E-01
7.38E-02
-1.39E-03
1.67E-01
8.85E-02
2.05E-01
3.18E-01
-1.41E-01
2.50E-01
-2.23E-01
-3.14E-01
-4.01E-02
-3.30E-01
-1.00E-01
-2.17E-02
-5.03E-01
-3.30E-01
-4.65E-02
-1.84E-01
-7.00E-02
-2.69E-01
-1.87E-01
-6.22E-02
-6.57E-02
-7.18E-02
-2.86E-01
-1.22E-01
1.35E-01
5.99E-02
2.34E-01
-2.50E-01
-7.70E-02
2.86E-01
7.80E-02
1.47E-01
-1.78E-01
-1.46E-01
3.24E-01
-1.66E-01
1.02E-01
-3.86E-01
-7.69E-02
-2.53E-01
-4.31E-01
-2.86E-01
-4.91E-01
-5.31E-03
-2.73E-01
-2.84E-01
-3.37E-01
-1.55E-01
-1.84E-01
-3.99E-01
1.72E-01
-2.67E-01
-7.07E-02
2.17E-01
2.29E-01
-1.32E-01
3.29E-02
-1.28E-01
1.48E-01
9.50E-03
-1.30E-01
8.59E-02
7.93E-02
5.06E-03
1.20E-02
-1.51E-01
-2.26E-02
1.36E-01
9.79E-02
8.85E-02
2.40E-01
6.28E-02
2.11E-01
2.38E-01
-1.57E-01
2.64E-01
8.40E-02
7.89E-02
4.15E-02
1.24E-01
1.66E-02
1.72E-01
-1.27E-01
-8.04E-02
-2.91E-02
1.47E-01
1.31E-01
7.60E-02
-3.37E-02
3.08E-02
-9.06E-02
5.61E-02
-1.18E-01
-1.59E-01
-1.97E-01
7.72E-02
-3.21E-01
2.40E-01
1.23E-01
2.30E-01
-5.60E-02
1.41E-01
7.25E-02
2.69E-01
9.03E-02
3.12E-02
9.46E-03
1.96E-01
1.67E-01
-2.34E-01
-3.43E-01
8.34E-02
3.30E-01
3.83E-01
-6.81E-02
1.87E-01
1.74E-01
1.17E-01
1.17E-01
-6.19E-03
3.82E-02
1.06E-02
-1.09E-01
2.66E-02
-7.82E-02
-9.61E-02
-1.40E-01
-1.69E-01
1.22E-01
5.35E-03
-5.87E-02
4.11E-02
-2.87E-01
-3.45E-01
-4.82E-02
1.53E-01
-8.05E-02
-7.58E-02
-3.02E-01
-1.24E-01
9.96E-02
1.35E-01
1.10E-01
1.79E-01
-1.21E-01
-1.03E-01
6.75E-02
-2.31E-01
8.86E-02
-1.50E-01
1.40E-02
-8.26E-02
-2.25E-01
-2.11E-01
-1.28E-01
-1.71E-01
-3.47E-02
-1.52E-01
1.89E-01
2.24E-01
1.78E-01
-7.30E-02
-8.67E-03
3.49E-01
-9.66E-02
1.83E-01
9.29E-02
-6.85E-02
-9.98E-02
3.39E-02
-1.95E-01
2.26E-02
3.65E-01
2.54E-01
-2.35E-02
-2.73E-02
2.67E-01
1.20E-01
1.62E-02
-5.20E-01
-2.13E-01
7.47E-02
1.24E-01
-7.31E-02
-2.08E-01
3.61E-03
-2.47E-01
2.72E-01
1.22E-01
-1.49E-01
1.17E-01
7.95E-02
5.60E-02
1.67E-01
-4.70E-01
3.91E-02
-2.40E-01
-4.00E-02
-2.54E-01
3.99E-02
-1.27E-01
-6.51E-02
3.23E-01
2.72E-01
-2.01E-01
1.16E-01
-7.61E-02
6.74E-02
1.15E-01
-2.16E-01
-1.00E-01
-2.70E-01
4.85E-02
6.46E-02
3.03E-01
1.31E-01
2.13E-01
-1.23E-03
-1.12E-01
2.99E-01
-1.65E-01
5.85E-02
-9.28E-02
-1.31E-01
1.27E-01
-1.11E-02
1.14E-01
6.77E-02
-2.93E-01
9.50E-03
1.95E-01
1.91E-02
-1.37E-01
3.67E-01
-5.10E-02
3.21E-01
-1.13E-01
1.75E-01
2.30E-01
-6.30E-02
1.92E-01
-4.98E-02
7.86E-02
2.28E-03
1.38E-02
1.03E-01
-1.20E-01
-2.63E-01
9.99E-02
-8.59E-02
1.23E-01
-2.18E-01
-4.00E-01
-6.26E-02
3.94E-02
1.42E-01
-1.21E-01
-2.69E-01
9.44E-02
8.09E-02
-6.17E-02
-1.40E-01
-1.80E-01
-2.45E-01
-2.12E-01
-3.15E-01
-2.05E-01
-1.06E-01
8.62E-02
1.57E-01
1.96E-02
2.42E-01
-5.77E-02
2.00E-01
-2.66E-02
1.24E-01
-2.90E-02
-2.22E-02
1.27E-01
-1.92E-01
8.76E-03
1.14E-01
8.58E-02
2.39E-01
-2.09E-01
1.88E-01
2.82E-01
-2.01E-01
5.67E-02
-2.91E-01
9.48E-02
-9.77E-02
-6.98E-02
-2.53E-01
-2.27E-01
1.50E-01
-3.40E-02
-3.15E-01
-2.44E-02
-2.13E-01
2.60E-01
1.50E-01
-3.34E-01
6.38E-02
-1.24E-01
-5.10E-02
-5.42E-02
6.22E-02
1.32E-01
1.98E-01
6.42E-02
-1.21E-01
-6.44E-02
-3.81E-02
-2.16E-02
-7.41E-02
-3.45E-02
2.39E-01
1.31E-01
6.04E-02
1.76E-02
-1.32E-01
1.98E-01
2.32E-01
-1.47E-01
1.13E-01
7.29E-02
5.18E-02
1.76E-01
-4.71E-02
-7.71E-02
-1.66E-01
4.23E-02
-7.21E-02
-1.84E-01
-9.46E-02
-2.23E-01
-3.69E-02
3.31E-01
1.46E-01
7.73E-02
3.30E-01
-3.69E-01
-1.52E-02
4.51E-02
2.55E-01
1.82E-01
-2.70E-01
-2.26E-01
-6.13E-02
2.25E-01
1.50E-01




