[[[[ 0.04476054  0.02282051 -0.1690116   0.51176137 -0.61425126]]

  [[ 0.5594877   0.05805615 -0.46540302  0.9348899  -0.10454524]]

  [[ 0.07153216  0.04352793 -0.30646244  0.9474565   0.11264082]]]


 [[[-0.45414716  0.21506052  0.5494913  -0.6707498  -0.7650302 ]]

  [[ 0.5673364   0.36744124  0.6937165  -0.24407835  0.46103764]]

  [[ 0.42119873  0.34563196  0.19640127 -0.03793549  0.20292433]]]


 [[[-1.0674602   0.10389186 -0.00509002 -0.63533545  0.42324334]]

  [[ 0.05377053 -0.5260285   0.22656985 -0.7866358   0.7860527 ]]

  [[ 0.43692523  0.13620979 -0.14932726 -0.9047786  -0.12187441]]]]
[-0.17148235 -0.11795243 -0.14593548 -0.0169942  -0.15009193]
