-0.23717846
-0.02800305
0.006570245
0.29184008
0.115143314
-0.14707874
-0.12105591
0.15764457
0.09075527
0.049654506
-0.033472974
-0.042221118
0.08711504
-0.052047096
0.07301129
-0.04661319
-0.08213318
0.048415415
-0.01724199
-0.1661017
0.036466245
-0.09051602
-0.03020721
0.14210267
0.1430716
-0.26336184
0.053160194
0.13392434
0.1310906
-0.050569877
0.15688188
-0.16126391
-0.007101449
0.14042403
0.10385841
0.19277045
-0.0033516944
-0.070712715
-0.043027192
0.26330894
0.065965034
0.1556296
0.009097625
0.13789769
0.06734085
-0.07121317
0.16843873
-0.05325941
-0.030592432
-0.14425269
-0.024487687
0.1516825
-0.09860407
0.016984915
0.03857332
-0.07144669
-0.12237095
-0.05057339
-0.14057381
-0.20710498
0.12995474
0.19264893
-0.17274486
-0.1202382
0.063913465
-0.06263617
-0.06841806
0.06848934
0.008472705
-0.0922142
0.27944493
0.020406775
0.009205
0.066643156
0.25596413
0.010216102
0.05371957
-0.086681284
0.16526794
-0.19168763
-0.2416781
0.26286888
0.1531945
-0.02311287
-0.008860591
0.015433721
0.17345825
-0.20364165
-0.18186618
-0.14256269
-0.063220516
0.28901395
0.22439414
-0.17494933
0.039137777
0.010659072
-0.09670519
0.023257557
-0.29665837
-0.18034628
0.23057976
0.30396888
0.126116
-0.032112185
-0.07495105
0.09608278
-0.00026515633
-0.064243086
0.18787979
0.009319633
0.0045489967
-0.07622118
0.21742654
0.15471342
0.19341935
0.17914958
0.017021
-0.015498304
0.023247346
-0.13011855
-0.30543786
-0.054334972
0.24139544
0.07082411
0.089245304
-0.16353914
-0.07476914
0.12710421
0.14322062
0.022987342
-0.19233151
0.22047004
0.15408769
-0.21033612
-0.01079568
0.013260449
0.13693567
0.18540765
0.10421085
0.16619454
-0.11158551
0.29271215
-0.0063436492
0.01085317
-0.048324298
-0.054966066
0.051365644
0.08618842
0.010051467
-0.11980421
0.017729206
-0.14661072
0.008638388
-0.19310403
-0.34092352
0.4138631
0.077085055
-0.099722065
-0.5152542
-0.22255643
0.0383373
-0.24469593
0.13227215
-0.20411983
-0.372101
0.05651528
0.30159938
-0.013186545
0.21664076
-0.025601624
0.22468437
-0.1454067
-0.1523784
-0.21117033
-0.23158051
0.30397233
0.13341412
0.05871691
0.24195361
0.15597093
-0.02033301
0.1150151
-0.12864968
-0.2581799
-0.20327781
0.014625864
0.03410737
0.08946341
0.05330996
0.17757967
0.08150662
0.27607062
-0.17889516
-0.03182199
0.08799365
0.32649487
-0.026170084
-0.07954147
-0.015576279
-0.10943389
0.0572737
-0.15943365
0.027427876
-0.105067216
-0.0697644
0.12269292
0.00907126
0.12691757
0.20396623
0.12117019
-0.06170166
-0.009150974
-0.13864432
0.07346956
-0.03863939
0.06261844
-0.12228949
0.021173093
0.2869612
0.25506327
0.20431101
-0.24694338
-0.11514259
0.018045561
0.0074517843
-0.10056871
-0.025574695
0.12080067
0.17098501
0.034227673
0.22301511
0.19169946
0.08216011
-0.084285624
0.19812183
-0.068547465
-0.32360268
0.11653675
0.27179307
-0.13271087
-0.06888189
0.07946853
-0.047169734
0.021218622
0.19561727
0.03740946
-0.21147545
0.019474106
0.11869158
-0.07785492
-0.093933046
-0.1456097
0.076669656
-0.0916182
-0.11986988
0.11532575
0.00538845
0.0061518596
0.23180115
-0.05666465
0.17806488
-0.1822632
0.009788858
0.13291273
-0.09707506
0.014151841
-0.13130562
0.11257867
0.15128228
-0.0032138706
0.25759664
0.025856936
0.0050523356
-0.12801538
0.1786356
-0.29284176
-0.11365856
-0.10596012
0.10464905
-0.19090162
0.028726948
-0.024979306
-0.12031695
-0.07956245
0.0023474095
0.022676477
-0.03240027
-0.028510632
0.013280396
-0.0861005
0.03990417
-0.064039625
0.07499821
0.0762479
-0.056162897
0.047469065
-0.058739167
0.14285915
0.16221762
0.08267541
-0.045407206
-0.17719497
0.03245727
0.0023833474
-0.1837376
-0.12570582
-0.05118412
0.22286767
-0.0993647
0.06678778
-0.08816188
-0.03764508
0.04719195
0.013425758
-0.04091143
0.0040939385
-0.030211437
0.07595507
-0.24469227
0.077747725
0.05940059
-0.21169661
0.005414467
0.10766422
0.0057501537
0.05526453
0.14672865
-0.12608197
-0.13677898
-0.10710967
-0.11614257
0.14150225
-0.13149755
0.012109622
-0.013626959
0.046226032
0.05543695
-0.18635875
0.08428981
0.03447078
-0.04754303
-0.16381648
-0.17447175
-0.017490385
0.06601685
0.057642363
-0.19968146
-0.11968903
-0.19488853
-0.038346466
-0.016030174
-0.060690682
0.020539504
0.09380831
-0.15481378
-0.07700348
-0.12325039
-0.058456417
-0.081646666
-0.17036983
-0.008881892
0.060962956
-0.02421706
-0.11544954
-0.09026105
0.0120674735
0.0069391993
-0.12388447
0.14916064
0.0722162
-0.05580781
0.04988742
0.017293213
-0.18236668
-0.11855041
0.006160156
0.030321868
-0.170693
0.018028725
-0.06491756
-0.17593239
-0.02087277
-0.14251205
-0.13365196
-0.08036263
0.06446905
0.019478174
0.045515038
-0.003906727
-0.035903525
0.10021618
0.086472236
-0.14457697
-0.15551662
0.142578
-0.056190245
-0.08062667
0.015925884
0.08238
-0.22739913
0.14486045
-0.05353576
-0.10195057
0.032156255
-0.042811994
0.10135865
0.03224678
-0.15553276
0.13383122
-0.16481051
0.15255676
-0.0756568
0.051551726
-0.10122615
-0.123284556
0.07813996
0.1296772
-0.061545607
-0.09345031
-0.13543771
0.0963727
-0.0057277214
0.1212105
0.10370045
-0.096245766
0.11632272
0.102334246
0.15710221
-0.0931672
0.07766589
-0.17155118
0.14225844
-0.18134442
-0.10663764
-0.010449511
0.03600493
0.11246109
-0.06972514
-0.1401848
-0.054202083
0.13023433
-0.14925037
-0.03601202
-0.009610096
0.03728485
0.013718032
-0.079702444
-0.12636931
-0.11057118
0.09516244
-0.11958877
-0.06471738
0.12244686
-0.054767895
-0.105144784
-0.027023057
0.08076111
-0.030539824
0.0023174158
-0.11630872
-0.11851191
-0.15871851
-0.2122558
0.113353916
0.12749122
0.14986286
-0.17647526
-0.16752566
-0.04927555
-0.018325167
-0.025625022
0.12064556
0.09532591
0.068390325
-0.050975103
0.074154794
-0.09281244
-0.036593117
-0.1359684
-0.0999456
0.049773548
-0.11657184
0.033817533
0.052793145
-0.2772738
-0.04400928
0.22784354
-0.13619958
-0.3638408
0.11754639
-0.07187747
-0.03256032
-0.07624765
0.027434556
-0.059637167
0.1331988
0.17673735
-0.0543461
-0.2624329
0.1471418
-0.09701639
-0.17107917
0.1159961
-0.22429514
0.1419731
0.42786908
0.064747326
0.002319372
-0.07449496
0.04620719
0.071564354
-0.056039758
-0.00798183
-0.1688682
0.11598931
0.11399371
-0.059652094
0.17304897
-0.03329396
-0.110224575
0.20211527
-0.0037145333
0.25781938
-0.022234613
-0.30685616
-0.1023043
0.21653254
-0.19718777
-0.0856879
-0.14164715
0.084352605
-0.33105046
-0.12975927
-0.19809482
-0.07565833
-0.17481112
0.0075195706
-0.23418581
-0.36432713
0.058777772
0.0004172561
0.04473739
-0.13812378
0.031021863
0.013725184
0.2193086
-0.01632906
0.11219499
0.09050549
0.08981681
0.0060767764
-0.025723327
0.1477977
0.013848763
0.15544899
0.11267609
0.1191492
0.026456032
-0.045852084
-0.04289753
0.11520102
-0.35367504
0.18348037
-0.047520187
-0.4406356
0.038874492
-0.0062298407
-0.123586856
0.25373837
0.072687395
0.123425536
-0.16071665
0.05374581
-0.021083856
-0.18983386
-0.06414256
-0.05589545
-0.12603092
0.015150099
0.07245633
-0.09984084
-0.06254896
-0.09709822
0.04263452
-0.18285692
-0.03057455
-0.02233741
-0.042767063
0.17104188
0.20427331
-0.20049211
-0.1559099
-0.002045858
0.055611633
0.12944053
0.34717563
0.052372377
0.12120047
-0.19354202
0.16789776
-0.018394468
-0.2780599
0.15124588
0.035389453
0.0048174816
0.07945606
0.041783553
0.107338086
0.24155252
0.081624106
-0.06310892
0.07332015
-0.08524515
0.19305119
0.13965559
0.15319097
-0.060232744
-0.067795835
0.19000436
0.21297643
0.050962124
-0.0621441
-0.23863551
0.006558619
-0.010958135
0.19157985
-0.1655396
0.09740843
0.088911325
0.28585023
0.023374517
0.1741536
-0.21762328
0.0673632
0.21294613
0.06265116
-0.27991414
-0.18101926
-0.1321244
-0.083592884
0.07785144
-0.05132179
-0.10151052
-0.099269144
-0.14771865
0.17483045
0.18103407
0.054586884
-0.07638387
0.18255217
0.0915144
-0.10874655
-0.011913688
-0.02969374
-0.018031536
-0.13277331
0.05570387
0.18527988
-0.016715022
-0.15503365
0.09758547
0.028011413
-0.16581692
-0.09312055
0.116653435
0.03465882
0.033180412
0.010482987
-0.032986846
-0.09234779
0.25354987
0.12602907
-0.07330572
-0.0071867253
0.019051915
-0.13500804
-0.09690923
-0.003938177
-0.1766643
-0.08713084
0.1650002
0.13871464
0.1431434
-0.0036579443
0.0019014591
0.123685606
-0.037070956
0.116644494
0.1866205
-0.13963424
0.024740806
0.11757782
-0.12270098
0.1510304
0.05322165
0.04384559
0.067301646
-0.13086735
0.1858712
0.08890977
0.22245522
0.082489766
-0.11171664
0.03361268
-0.12607352
0.101344734
-0.12916254
0.06880355
0.2046988
0.16258655
0.09328357
0.051491987
0.0038667081
-0.21848486
0.12944463
-0.002076729
-0.14918274
0.13011236
0.0695885
-0.17075321
0.00616262
0.04615796
-0.1058471
0.028018301
0.006756831
0.039390694
0.07037584
0.11860123
0.14818859
-0.11294684
0.0005925016
0.23183095
-0.07222052
0.19596645
-0.047979556
-0.16789462
0.30640483
0.13687131
0.04195245
0.015109889
-0.064596474
0.057719085
-0.15437041
-0.18690702
-0.07962953
0.012553952
0.04700684
0.13683276
-0.16739652
-0.05612531
0.12781858
-0.13359648
-0.00017077272
0.09963525
0.11669168
-0.08684618
-0.20031762
-0.15845188
-0.13816258
-0.27762714
0.018439487
-0.213416
-0.20342177
-0.14100233
0.044987436
-0.10406031
-0.1477209
-0.08057084
-0.1619147
-0.14314209
-0.122491114
0.09562056
0.10152786
-0.04414746
-0.0036978482
-0.14996694
0.18624632
-0.09852365
0.024406925
-0.09077892
-0.28453904
-0.12069221
0.20903124
-0.1248314
-0.003582846
-0.09115079
0.07060959
-0.026585491
-0.29865295
-0.13702057
-0.058267552
-0.28905028
0.052625652
-0.17996635
0.040246587
0.22613494
0.18642963
-0.19845021
-0.10462208
-0.052543465
-0.1437588
0.22351067
0.22624208
-0.18600675
0.17594104
0.30329227
0.08938569
-0.013671208
-0.26718494
0.17607681
-0.35665157
0.4245033
0.17848647
-0.32598707
-0.0022311024
0.26109943
-0.06592268
-0.21526363
0.07894557
0.16230196
-0.16530576
0.1261387
-0.12324565
-0.09637282
0.09997669
0.2508793
0.26602426
-0.07249982
-0.039581075
0.024240302
-0.027614579
-0.114898525
0.06999584
-0.46246815
0.07992729
0.30295664
0.019516706
-0.1998984
0.120884925
-0.01970412
-0.28373826
0.017458813
0.001064328
-0.19147854
-0.1177174
0.029687338
0.15038785
0.023518108
-0.13343284
0.12697695
-0.18629447
-0.101364926
-0.10425558
-0.15415145
0.010055301
-0.024134966
-0.11647792
0.18581823
-0.068538405
0.12840554
0.001802469
-0.15923452
-0.0066459123
-0.15925625
-0.118035205
0.010073883
-0.08295738
0.09856658
0.13260259
0.27196345
-0.011150843
0.15448545
-0.02520859
-0.011621482
-0.11228753
-0.034454852
-0.040804833
-0.040552657
-0.04009701
0.21064864
0.16413182
0.10025213
0.13242748
0.09157539
-0.19972435
-0.18357433
-0.06412623
-0.04588372
0.11062182
0.07114647
0.001550726
-0.14932667
-0.038197704
0.045247033
-0.051012497
-0.36160898
-0.038909163
-0.09209852
0.16250835
0.07901245
0.14015278
-0.17098346
0.008589073
0.08826025
-0.085508354
-0.04704977
0.03481417
0.07897404
0.10281755
0.17594315
0.05676831
-0.09156512
0.04479515
-0.019063571
-0.060330037
0.04121752
0.026055254
0.06454377
-0.008960631
0.23850322
0.07898522
-0.13351518
-0.1422392
-0.013579813
-0.059309896
-0.07055915
0.0074824276
-0.15850636
0.18583733
-0.39831236
0.058648754
-0.21537521
-0.099260874
-1.09E-06
-0.041958068
-0.035335477
-0.08513244
-0.09801553
0.053458776
0.06723901
0.070661515
-0.044499993
-0.04456722
0.017825764
0.15656304
-0.007405656
-0.045576446
-0.16854165
0.060742434
-0.3126554
-0.01880045
0.08737598
-0.09254996
0.17534171
0.33206657
-0.1476482
-0.19701712
0.09449614
0.24068663
-0.25285155
0.046512555
-0.014001743
-0.17088865
0.054773316
-0.010861676
0.08193306
0.24511464
-0.12849547
-0.05215007
0.034532044
0.016838955
-0.07617834
0.024253683
-0.097267814
0.053211533
0.16676684
0.024914216
-0.061911777
-0.004402147
-0.036184773
0.09291748
-0.19017054
0.021482443
0.04830152
0.06916473
0.11122996
-0.19003277
-0.037285127
0.12100051
-0.0027539898
-0.16043699
-0.038772803
0.053258236
0.12301159
0.05270007
-0.33256197
-0.053820916
0.0622168
0.06364691
-0.12899391
0.0171339
-0.059087206
-0.00025145832
0.0871483
0.0048825634
-0.14833497
-0.1360574
-0.022941895
0.15698598
0.16999055
0.15089272
-0.033198792
0.1506008
0.012469467
0.026297214
0.04835653
0.10744582
0.0013785186
0.17981611
0.11931853
0.14383037
-0.13079624
-0.04663253
-0.057767473
0.014504579
0.015647253
-0.039994057
0.28626785
0.058355276
0.034556966
-0.002136072
-0.069811665
0.048630163
0.14314695
-0.071127824
0.22553188
0.12187027
-0.048776127
0.109530285
0.080661125
0.32581577
-0.41922078
-0.059343465
0.07184378
-0.23086157
0.029512286
0.058407903
-0.05051281
0.10978729
-0.13443817
0.04101527
-0.4360408
0.0005702153
-0.049542367
-0.080999844
0.116489165
-0.12151355
-0.0941056
-0.027415207
-0.10716988
0.14126472
-0.10662587
-0.08601708
-0.0940112
-0.21776983
0.028597564
-0.16033569
0.24883705
-0.038052272
-0.001259989
0.13420358
0.009328218
0.06269026
-0.058982417
0.049658522
-0.021078989
-0.121461436
-0.21217775
0.022476165
0.16850218
0.33174303
-0.06436782
0.12820822
-0.1407507
-0.22233877
0.017942732
0.018436959
-0.10999818
0.41427064
0.16809094
0.09895983
0.079815336
-0.10405168
-0.066493735
-0.14272337
-0.07278179
-0.17145045
0.07980004
0.0105698975
0.25463662
-0.0011978984
0.21968113
0.005915703
-0.024081701
-0.09477616
0.10418155
-0.41705033
0.029903676
0.12076837
0.3686343
0.1201103
0.37767345
-0.06291664
0.09005247
0.3359088
-0.07652227
-0.50360596
0.040375642
0.12550423
0.15276976
0.0232586
-0.07937459
-0.14097321
0.14804325
0.14252456
-0.04591217
-0.085768685
0.23751208
-0.24070011
-0.046720263
0.09365336
-0.01224734
0.09246473
-0.10502371
0.1880321
0.13774699
0.001427892
0.13121636
-0.39480162
0.16676149
0.068910874
-0.13197118
0.037524626
0.23741189
0.21797764
0.07202105
0.056937363
0.121584065
-0.07985061
-0.22011037
0.022048563
0.03888682
0.15245934
0.025983013
-0.057242084
0.06719135
0.062236022
0.008943709
-0.1618974
0.14931698
0.0013341437
0.14904444
-0.2056192
0.06979588
0.049157772
-0.17317031
-0.03701042
-0.1616842
-0.23981059
-0.066505685
0.10744423
-0.071142
-0.10259617
0.02077099
0.047455292
0.15937868
0.10116254
0.15968649
-0.38465482
0.012189693
-0.08803311
-0.05332318
0.034019943
0.008820562
0.10348958
0.17126094
0.13712701
0.018425232
-0.26166114
0.06707951
-0.2252459
0.12537427
0.04640462
0.025969807
0.056832086
0.2782355
0.23009607
-0.033369195
-0.27921802
0.01905113
0.27433094
-0.034068726
-0.0355101
-0.10007813
-0.12614913
-0.08324176
0.045857932
0.111360446
-0.11359881
-0.092564315
-0.013977274
-0.10984978
-0.017350107
-0.15716463
-0.014577201
0.025373472
0.07685821
0.0054285103
-0.2702517
-0.11206956
0.022602966
-0.2787163
-0.046908952
-0.13585676
-0.031395793
0.13730083
0.045748614
-0.06470489
-0.14877328
0.051896296
-0.16795394
-0.06808145
-0.14350046
-0.089658454
0.025971778
0.25353867
0.1775473
0.01916844
-0.10428434
0.15806754
0.35018495
0.016929038
0.039408926
0.01803297
-0.1924103
-0.15535013
0.005802963
-0.24916135
-0.050223485
0.08775935
0.24676125
-0.018558899
0.022709686
0.10212772
-0.114423744
0.11195264
-0.07358518
-0.23804012
-0.0066527715
-0.035696212
-0.015730299
0.016308757
-0.054789707
-0.05119627
0.08763955
0.5163605
-0.02072284
-0.11884977
-0.08654056
0.062473416
-0.20138772
0.4343154
-0.33863887
0.20242234
0.45192245
0.2296596
-0.4123856
-0.06883892
0.2044166
0.06790027
-0.15318157
0.27862132
0.08078236
0.28380054
0.23597705
-0.04525336
0.0033348815
0.0938922
-0.14537543
-0.049219828
0.022336766
0.03143555
0.15862079
0.1267661
0.17503683
-0.034562793
-0.116968445
0.12559709
-0.25698063
-0.024154974
-0.07666042
-0.037068896
-0.013953039
0.16297458
0.21330886
-0.15548496
-0.20006607
0.15419854
-0.15228164
-0.2067109
0.011018843
0.031948358
-0.147488
-0.0048616175
0.1367916
-0.24666078
0.114026256
-0.019272236
0.03353484
-0.12653327
-0.21164131
0.24365065
-0.0525746
-0.063768744
0.12839052
-0.04025851
-0.2381222
0.0693295
-0.316422
-0.043728705
-0.12243978
0.18715361
-0.109862074
-0.06004183
0.12006358
-0.043085903
0.11518523
0.020482285
-0.10192793
-0.08715454
0.031486284
0.09468836
-0.05032964
0.113197714
0.10416241
0.3487598
0.044904385
-0.08630373
-0.06292963
-0.09371993
-0.14499551
0.1710964
0.033093885
-0.03772916
0.40275654
0.08020917
-0.09772155
0.14937362
-0.015638469
-0.17551364
-0.05632123
0.5606796
-0.056353427
-0.07267871
0.0008837386
-0.1134819
-0.10138492
0.074612334
-0.14749438
0.0073592863
-0.07714827
0.19975337
0.07005096
0.04564734
0.094535165
0.01604543
0.013886572
0.13713473
-0.123644434
-0.17575976
-0.03135651
0.08640253
0.07860668
0.0034675621
0.05081776
0.3100492
0.0071689757
-0.05527742
0.052971687
0.16070747
-0.17977263
-0.034428712
0.14955649
-0.10195974
0.24941476
0.085831515
-0.06181815
0.20389923
0.020844858
-0.01905378
-0.027609935
0.3540695
0.049756102
-0.076697074
0.03986016
0.042757142
-0.18838862
0.20561258
-0.2802781
-0.03429915
-0.0008952991
-0.16238873
-0.0074280314
-0.009973148
0.051038206
0.020615542
-0.17729068
0.26688123
-0.14937292
-0.04430175
0.06999556
-0.16049403
0.024257924
0.048424866
0.10319594
0.17761318
-0.05143647
-0.0738267
0.022349866
-0.019284735
0.086637914
0.11793601
-0.1073377
-0.017770426
-0.018259386
0.08708345
-0.25215086
0.11173331
-0.17466326
0.06871294
0.10559273
-0.02114008
0.06186207
-0.16139498
-0.06225865
0.04532955
0.049997088
-0.088065505
-0.17694834
-0.10854236
0.009905172
0.21045184
0.038847424
0.06718715
-0.025328849
0.300068
0.2515545
-0.011528229
-0.11068844
-0.18581682
0.04778843
0.09749982
-0.04572537
0.0012340659
0.026125813
0.42664507
0.026804859
-0.20236924
-0.047072336
0.051068857
0.02140216
-0.019231973
-0.3765046
-0.16484158
0.18309829
0.072247066
-0.14479731
0.03282461
-0.05271724
0.0038397613
-0.054758776
0.12798846
-0.037510462
0.113596134
0.020575747
0.07500515
-0.06336087
-0.12409119
-0.07313284
-0.14664863
-0.053227294
0.04752356
0.0019138358
-0.027757883
-0.06765934
0.1399222
0.124972895
-0.011497109
-3.04E-05
-0.20764759
-0.04303075
0.0011298902
-0.13724202
-0.05302555
0.12600219
0.13935639
0.166553
-0.05572051
-0.050989777
-0.22493026
-0.036961038
0.2121892
-0.014457258
-0.06882767
0.259589
-0.4850561
-0.33036754
0.09158873
0.17473912
0.03001207
-0.17122284
0.27841115
-0.06697703
-0.061587933
0.07907489
0.07596281
0.09720792
0.11404107
0.11785193
-0.02609408
-0.023531662
0.27702698
0.19830492
0.019406708
0.034835063
0.058798406
0.04281758
0.0062213875
0.014182759
-0.1122387
-0.04494417
0.24107789
0.1852335
0.022827081
0.038107242
0.08793448
0.116814874
-0.05762071
0.071747325
-0.0032973962
-0.19611359
-0.04431721
0.09838422
0.16526332
0.09575442
-0.34261188
-0.018690461
0.23862751
0.05099562
0.08886279
-0.3397258
0.21379793
0.118073575
-0.06983679
0.20032276
-0.09772078
-0.22857486
0.20806177
-0.087165445
0.08336155
-0.027774664
0.2836355
0.26088414
0.103037834
0.13453574
0.013345805
-0.15853427
0.22889416
-0.10241533
0.05682618
-0.19635485
0.1228864
0.14493123
-0.051112257
-0.023170978
-0.019784592
-0.22046804
-0.04080697
0.051344495
0.001345022
-0.13855602
-0.38729998
0.03977622
0.060237132
-0.12974386
0.00071837625
-0.13081245
-0.07906299
0.02999343
0.025113666
-0.23590627
0.041190516
-0.015910575
0.041739527
0.11180806
0.078514755
-0.037834555
0.21086843
-0.015883612
0.06383597
0.10905728
0.115102395
-0.031245176
0.15436174
0.017135732
-0.2246182
-0.09997951
0.21682417
-0.02838701
-0.019050092
-0.18026632
0.106604576
0.13888669
-0.09973318
0.030221617
-0.28365478
-0.005574632
0.16399944
-0.16131803
0.05479968
0.025410859
0.03087756
0.04027834
0.050023355
0.07765117
-0.08517908
-0.035606947
0.027495066
0.009541535
-0.19127014
-0.13810992
0.26293337
0.088528275
0.15632178
0.12668729
-0.027830077
-0.038317505
0.1793286
-0.09335071
0.1549014
-0.01743975
0.07009194
-0.09642751
-0.14019662
-0.02588542
-0.29096875
0.057221767
-0.061727703
0.08173687
0.12589514
-0.10389026
-0.09681566
-0.15604833
-0.13138685
0.0612155
-0.03519709
-0.04704703
0.006745165
-0.17941886
0.15018252
-0.109355435
-0.020067893
-0.07112356
-0.13669841
-0.11797635
-0.018368488
0.15223387
0.1527023
-0.085824
0.048177145
0.12212108
0.09223691
-0.0015096084
-0.006292094
0.1214094
-0.100384876
-0.03786634
-0.15263177
-0.03144831
-0.14047582
0.095110945
-0.13244976
-0.13011885
0.09841237
0.15711603
-0.18078841
0.15165171
-0.07546287
0.04149643
0.27293056
-0.11521262
-0.5163475
-0.16943923
0.020470176
0.07388929
0.04296699
0.1922021
-0.021379659
-0.13507986
0.03876221
-0.012232082
-0.071599334
-0.037769344
-0.25601423
-0.14269821
0.24532765
0.13167857
0.13776354
-0.0038657836
0.038017273
-0.14332296
0.22948687
-0.12057055
0.0094904015
0.11691676
-0.052246027
0.21755497
-0.36268014
-0.19882628
-0.23111843
0.013839355
-0.22989047
-0.11767978
0.092477314
-0.15504853
-0.12185816
0.39788517
-0.21083556
-0.18983887
-0.61620027
-0.0055233445
-0.4459374
-0.020910626
-0.04652281
0.07476878
0.018168356
0.52896184
-0.32463714
-0.1964568
-0.51031613
0.23262088
-0.08022805
-0.21151869
-0.11277555
0.16101128
0.14518991
0.41685194
0.12501211
0.053203695
-0.082008354
-0.37656483
-0.041057523
0.26345053
0.14372239
0.20112202
0.16352789
0.022460025
0.21675931
0.22907792
0.28702816
-0.15215439
-0.04392497
0.17805132
-0.038921613
-0.007327209
0.2539029
-0.005827864
0.2655914
0.07965386
-0.040828265
-0.07225741
-0.25287488
-0.14983691
-0.16149302
-0.06942645
0.050397523
0.1264112
-0.065056756
-0.22513197
0.17701481
0.13627422
-0.24053809
0.12554817
0.11040234
-0.1637949
0.4233258
0.18454675
0.03164477
-0.07325556
0.19495173
-0.12917653
0.012212445
0.08929433
0.10126917
0.055691995
0.059009776
0.037242014
0.30620977
-0.049948715
0.0026133477
0.062881164
-0.11604189
0.097625285
-0.09999692
0.07403292
0.033048883
0.03475533
-0.065265514
-0.14083321
-0.028148348
-0.04960695
-0.012436766
0.048378646
-0.0034447887
0.10824625
0.12721297
0.0043594656
-0.04153237
-0.21740915
-0.02427047
0.076250345
-0.10657421
-0.06968532
0.14189681
-0.00094959745
0.07390613
0.023375602
-0.0074284566
-0.16774419
0.09671067
-0.05811731
0.12655188
-0.104763
0.018164894
-0.110789105
0.033165965
0.078812145
-0.14590012
-0.1930579
0.02602344
0.008078534
0.16741234
0.0920582
-0.03991962
-0.11567615
0.15659855
0.046949722
-0.11293485
-0.140304
0.0150081245
-0.032655552
0.09279101
-0.2915849
-0.03277838
0.0017673045
0.22928844
0.02577257
0.03253583
-0.10801111
0.085876025
-0.05542855
-0.06343725
-0.13814948
0.03353309
-0.10775029
0.29923016
-0.11060549
-0.23874427
0.14045905
-0.079348646
-0.0038715245
-0.06518116
-0.0037457338
-0.039944578
-0.24455093
-0.02973965
0.18997337
-0.18558832
0.02350175
-0.18843296
0.055070754
-0.124641985
-0.11780996
-0.22246084
0.1537571
0.2551815
0.3154755
-0.28352037
0.09908928
-0.32500878
0.09814706
-0.00040468786
0.101081766
-0.04214516
-0.04318979
0.29974002
0.35974592
-0.22051123
-0.053346775
-0.18543908
0.067019
-0.073535606
-0.042691078
-0.25731656
0.017903624
0.16407202
0.07856859
-0.053025655
-0.15923947
-0.2843547
0.12529665
-0.013846944
-0.15735202
-0.057596594
-0.0730617
-0.36472896
-0.082730606
-0.17205195
0.085495204
-0.15910031
0.030616563
-0.042578865
-0.12783314
0.007327392
0.011915223
-0.47891954
0.04319389
0.029921513
-0.17048411
-0.12064753
0.15678407
0.031394772
0.15865828
0.29933795
0.075536184
-0.48723778
-0.088981844
-0.015885219
-0.18668708
0.025978465
0.0002779053
0.16484131
0.20637289
0.004164841
-0.08907099
-0.35576165
0.26899707
-0.006700498
0.052922294
-0.17348483
0.08627362
-0.09968267
0.048404127
-0.06355154
-0.094257556
-0.046416853
0.25492743
-0.17322862
0.07628897
-0.0747925
0.15907556
0.16818005
-0.14134471
0.0353291
-0.003795772
-0.19596072
-0.027313085
-0.03481072
-0.12230237
0.033575375
0.21882498
0.159633
0.094809055
0.03517774
-0.1614662
-0.2051039
-0.06619282
-0.13808316
0.03824244
0.00089591194
-0.023953456
-0.13149954
0.045990597
0.15507883
-0.0657756
0.288955
-0.14721778
0.06429093
-0.11460035
-0.21448745
-0.14877425
-0.0683064
0.34409222
-0.13388681
0.094258405
0.06502413
-0.04554235
-0.016908519
0.23096968
0.14430743
-0.1984843
0.31613207
-0.093126565
0.13560201
0.18787137
-0.06983194
0.15378307
-0.08583454
0.15288438
-0.038662482
-0.21601853
0.18125795
0.04732006
0.0029635984
0.007200701
-0.16669166
-0.048959315
-0.22222356
-0.0719366
0.04837921
-0.077163294
0.091634855
0.06347668
-0.19093855
0.07808793
0.28813782
-0.0051734983
-0.18817702
-0.22598954
0.0034447885
-0.34410372
0.021907162
0.044971384
-0.06577704
0.16520436
0.08478277
0.111407764
0.08051306
0.04779208
0.14364567
-0.47493607
0.039271764
0.10284352
0.04919327
0.20790628
-0.12196532
0.15038702
0.03690263
0.17466778
-0.09709814
-0.06023924
0.009731949
-0.17766269
0.049030337
0.110726856
0.12913549
0.23596038
-0.11258998
-0.019145848
-0.11499396
-0.19398972
-0.08050756
-0.091433674
-0.052461658
-0.14179659
0.30667862
0.14181873
-0.3416647
-0.27965567
-0.0805866
0.19951828
-0.13308996
0.066428535
-0.21664585
-0.25941062
0.12215625
0.1450994
-0.29856348
-0.096377715
0.15737273
0.23758307
0.07388511
-0.009278508
-0.07854025
-0.13472278
0.21485652
0.20127773
-0.026981182
-0.084551275
0.16930506
0.003209027
0.016855491
-0.3665132
-0.088542834
0.12369724
0.3003867
-0.024495456
-0.089131095
0.0039624283
-0.036241274
-0.12178257
0.23211037
-0.41429803
-0.06189403
0.39113417
-0.199468
-0.69878674
0.23830871
0.13867906
0.17374052
0.043663695
-0.03660664
0.11427416
-0.118842885
-0.24192536
0.013554445
0.20358863
-0.121878564
-0.06465903
-0.026040303
0.02851537
0.029715871
-0.0077417307
-0.017237185
-0.14067236
-0.14110577
0.042000435
-0.032006435
-0.07535435
0.16047041
0.15667863
-0.13185227
-0.12805524
-0.097064316
0.104678
-0.18971644
0.15706813
-0.02111738
-0.117492735
-0.17115308
0.0023492326
0.08066747
0.081348605
-0.0022010468
0.34632725
-0.32188636
-0.12447846
0.1548947
0.10654631
0.073681034
-0.19468097
0.043913435
0.07897123
0.037025373
-0.05010661
0.06257296
-0.11000068
0.14014606
0.13973282
-0.15408723
0.12304219
-0.10002405
-0.05817828
-0.056805
-0.09047461
0.11800059
-0.016338559
0.11459
-0.074152924
-0.09533494
0.010794063
-0.07702807
0.02415066
-0.033267595
-0.04003224
0.104611866
-0.09740477
-0.092289545
0.089658454
0.08416669
-0.26481822
-0.009471576
0.24431512
-0.15117252
0.041004784
-0.28705436
0.023555176
0.13474046
-0.14823537
0.11467435
-0.12917523
-0.014014242
-0.045538444
0.007877436
0.14412284
0.07558858
-0.12156588
0.028516099
0.15450902
-0.12718573
-0.08418925
0.097475484
0.09535289
0.09041297
0.058136422
-0.011588787
-0.18140186
0.038334806
0.12926315
0.07370174
0.002527345
0.034686588
-0.07896668
-0.00017732992
0.05526958
-0.0976475
-0.0075198654
0.053056784
-0.03962087
0.08823991
-0.010142389
-0.39583516
-0.024844117
0.06962152
-0.024907783
-0.16329744
-0.18683657
-0.05051443
-0.14715455
0.052555952
-0.08074443
-0.15764762
0.1431856
-0.34983543
-0.039761007
0.061074007
-0.0108881835
0.038777683
-0.17433973
0.058010213
-0.11855621
0.114460155
0.12859757
-0.23990493
-0.3158901
0.18354301
-0.04104694
-0.14479879
0.20778328
0.09351543
-0.030773096
0.12575413
0.2509251
0.023924377
-0.3920333
0.30481213
-0.056346126
-0.0064444942
0.14948611
-0.073402226
-0.05517761
-0.07777665
-0.11287433
-0.30672085
-0.329751
0.29591873
0.18991676
-0.09705916
-0.075137496
-0.051394206
-0.059136327
-0.06582853
0.039516628
-0.014288133
-0.105815455
0.1688998
-0.260455
-0.2676441
0.08685977
-0.026273768
0.087767616
-0.12843676
0.107426964
0.11346029
-0.27273417
-0.007565849
0.1823674
-0.1600669
0.25332764
0.2410516
-0.1799964
-0.001834601
0.09167015
0.14160678
-0.19026141
-0.041957516
0.051640876
0.0002393553
0.07145704
-0.026840396
-0.07959898
-0.1060389
-0.10038069
-0.29931098
-0.3753874
0.06796598
0.12940224
-0.29217792
-0.110192075
0.08436627
-0.0054583596
0.059633426
-0.061584402
0.05747785
0.15118934
0.058838904
-0.17370553
0.014279865
0.14566806
0.08187514
0.13370487
-0.006830796
-0.0004329235
0.15238796
0.16790672
0.019253463
0.165832
0.011198026
0.21072063
0.04577158
-0.19199279
-0.19262108
-0.058005333
-0.08434395
0.17055073
0.004580442
0.04678336
-0.029897628
-0.19306244
-0.0647136
0.07340294
-0.15817477
-0.15469654
-0.089651614
-0.050395872
-0.09196133
-0.014563276
-0.061115302
0.0069344416
0.026544172
0.028733552
0.24528572
-0.036872186
0.020419026
-0.023783153
-0.028996667
0.12461963
0.121574715
-0.16483495
-0.08437945
-0.24949649
-0.19165933
0.04688643
-0.08612269
0.07989157
0.0040691756
0.120647915
-0.026806539
-0.21801765
-0.28970703
-0.03992989
-0.12159056
-0.121512845
0.1257375
0.13973796
0.09409268
0.37934947
-0.085649915
-0.032000534
-0.25583795
0.044868723
0.046983942
-0.0074276356
-0.17929867
0.11579908
-0.0885014
0.32206568
0.06445536
0.32384703
0.042564727
-0.30505067
0.19961232
-0.10280892
0.22486816
0.07310729
0.12724736
-0.23390454
-0.1784833
-0.2139614
-0.16904616
-0.23860946
0.10791186
0.1017208
0.030195205
0.095478944
0.09260159
0.17268535
-0.12334337
-0.24631205
-0.055621065
-0.3469293
0.31856516
0.2104609
0.04526547
0.14612497
0.22959311
0.19914828
-0.20103571
-0.21481352
0.02542313
-0.16983047
-0.008509318
0.08941908
-0.22639209
0.11088724
0.17060852
0.21181247
-0.21130969
-0.10539596
0.008076597
-0.43595532
0.24677697
-0.34288287
-0.13943577
0.11498499
-0.20173416
-0.2832835
-0.059561215
-0.42648026
-0.09666393
-0.186877
0.3402348
-0.006578876
0.042495217
-0.1426384
-0.25693873
0.038912702
-0.20325811
-0.08682263
0.035318594
-0.07932141
0.16766788
0.114628814
-0.0073635196
0.18999474
0.039883383
0.013383961
-0.06488754
0.115676366
-0.059899013
-0.0025643678
-0.01144215
-0.037569873
-0.020118454
0.08065079
-0.17966665
0.06530891
0.024408879
0.09360605
-0.013173408
-0.06236608
-0.111927465
-0.05529035
0.029532896
-0.029600572
-0.12876825
0.084641844
0.08040987
0.01942049
-0.0703081
-0.015481182
0.05522902
0.26992154
-0.15162258
-0.03176961
0.042273317
-0.017921846
-0.07058533
-0.047154084
0.012268837
0.0740636
0.25826612
0.0635307
0.16561793
0.08390102
0.08341506
-0.046856184
0.021148622
-0.01771102
-0.06665107
0.066774346
-0.070698574
0.015900603
0.0383789
-0.16404265
-0.38497218
-0.16932505
0.14673717
-0.110262744
0.24292658
0.061253317
-0.15171684
0.089633636
0.15440823
0.010214018
0.19295679
0.0077867582
0.17156485
-0.026361875
0.15085836
0.22077222
0.025898416
-0.0052159554
0.15298778
0.052477326
0.14052491
-0.2651725
0.07042104
-0.13864928
0.042096205
0.11801845
0.29231337
0.18065903
0.03598223
0.014609922
-0.09347827
-0.114683524
-0.13550285
0.06639811
0.17896348
-0.22695576
-0.018953135
-0.0024114067
0.3312894
0.060325358
-0.030826578
-0.17738673
0.051375557
0.31279302
-0.03524145
0.37302417
-0.23785545
-0.2764172
-0.16153406
-0.12454567
-0.13231312
-0.12792057
-0.14619166
0.11805431
-0.018870108
0.20991927
-0.18737112
-0.21045631
0.16272084
-0.047828775
-0.18452905
-0.0074965153
-0.0921313
0.11312705
-0.04889314
0.07758321
0.16458096
-0.1850388
0.24757153
0.075464845
-0.16665691
0.003319847
0.0591743
0.05192951
0.059620768
-0.007646964
0.35997564
-0.08907835
0.1262045
0.020102547
-0.20390098
-0.076009765
0.06267742
-0.060529787
0.011730716
0.19219053
-0.32634813
0.029045548
-0.007964577
0.14752963
0.26851526
-0.016323874
0.12805676
0.12396574
-0.019190913
0.137115
-0.13438451
-0.020615475
0.16777265
-0.14060979
0.1727742
0.25963673
-0.012304537
0.18246396
0.10080616
-0.0008237898
0.15950263
0.13943085
0.050604094
-0.14189541
0.14032164
0.013334547
-0.11189377
-0.014590672
-0.10116546
0.018841097
0.29345834
0.05176734
0.072572485
0.03927934
-0.07051919
-0.012645046
0.103595056
-0.122105196
-0.10719807
-0.10261193
-0.19306213
-0.24232797
-0.008061434
-0.028902562
0.3385744
0.15617315
-0.18498091
0.06131188
0.11704182
-0.048364487
-0.042862993
0.0049928008
-0.01618519
-0.08803896
0.1980017
0.10705165
0.0320877
0.11156087
-0.07168208
0.042616356
0.0342027
0.0033447652
-0.009596844
0.03905288
-0.16519307
-0.0810542
-0.20977798
0.0017119618
-0.3467536
-0.15369546
0.2766655
0.10650275
-0.090235785
-0.018565366
-0.2682361
0.08379471
-0.1178893
0.013887976
-0.15701057
0.004115386
-0.07455089
-0.14900963
-0.18354371
-0.08400331
0.13475004
0.039801914
-0.073170885
-0.027828263
-0.19251235
0.13966243
-0.22662793
0.019830631
-0.038784847
-0.043619696
-0.009761831
0.24041605
0.15354022
-0.002116902
-0.25515783
0.0029276668
-0.06875133
0.13914809
-0.18451858
-0.11099584
0.004993786
0.16781995
0.08213541
-0.21812893
-0.17011696
-0.087035865
-0.056342904
0.16662191
0.08300014
-0.15333404
-0.14971024
0.08922162
-0.24642353
0.005482152
-0.023461182
0.03566047
0.14614335
0.0513909
-0.14635713
0.11401901
-0.16486554
-0.010054697
0.065391
-0.2011066
0.033907145
-0.13801093
0.14124642
-0.15258633
-0.020704158
-0.13572416
-0.117649406
0.057019915
-0.009570145
0.06274004
0.12384311
0.13459672
-0.14168453
-0.15577082
-0.13739595
-0.056879118
-0.12998287
0.07915666
-0.11274762
-0.026512336
-0.12949187
-0.18137565
0.12389955
-0.10134323
-0.031235676
-0.12250563
-0.0807682
0.014796121
-0.093927935
-0.07808298
0.10920888
-0.066496074
-0.20584461
-0.16186047
-0.054605074
-0.123213
0.096655756
-0.053671755
-0.17217417
0.06171217
0.0658173
-0.034770712
-0.010133002
-0.070275165
0.020813642
0.047358382
-0.17661075
-0.16734326
0.11091768
0.051500887
-0.22421867
-0.1807743
-0.038775954
-0.0922013
-0.017897658
0.04136897
-0.12935737
-0.022171877
-0.18579361
0.10979397
-0.025653822
-0.041771278
0.13906117
-0.12469411
-0.22920094
0.106881686
-0.08089146
-0.0932438
-0.015053628
0.11887166
-0.06694053
-0.097223066
0.008370078
0.04503857
-0.2421596
0.11415449
-0.033220217
0.044022176
-0.15113631
0.14529473
0.069789186
-0.09282552
0.058949877
0.09609112
-0.21816264
-0.035454452
-0.18099457
-0.08480171
0.022823535
0.11568494
0.17569351
-0.040053494
0.1336727
-0.16573666
-0.044442166
-0.039696224
0.054412667
0.12582126
-0.22631496
-0.039562177
-0.057574734
0.13321508
-0.06175765
-0.03193079
0.08318742
0.10165223
0.06768971
-0.12792888
-0.014922095
0.12857115
-0.16650216
-0.017503083
-0.1392767
-0.1818968
0.10729438
-0.022158975
-0.24150655
0.09663091
0.10322791
-0.057056177
-0.060705513
0.07442817
0.13705537
-0.015113341
-0.20311992
0.017087571
0.121901736
-0.018830473
0.038623925
-0.1534587
0.05565563
-0.2261264
-0.14898562
-0.06683808
0.06440604
0.07328354
-0.18349546
-0.030234843
-0.052408554
0.1234427
0.039553445
0.02998579
0.09632725
0.0012893148
-0.18079461
-0.13040872
0.102789566
-0.083887376
-0.124666736
-0.21629645
0.05221203
-0.2546806
0.28200644
-0.077525996
0.12375905
0.58150953
-0.046239436
-0.07916435
0.21604864
-0.014348972
-0.2268431
0.0012145387
0.274889
-0.13643745
0.29798633
0.14510754
-0.15569532
-0.037241295
0.16085285
0.037810344
-0.03612603
-0.109890535
0.06940109
0.019036733
0.35085505
0.048111577
-0.5996408
0.027133996
0.033817284
0.16577938
-0.14794871
-0.015707798
-0.117882244
0.16451383
0.13804838
-0.04765476
-0.44316453
0.11756995
0.10954165
-0.054363217
0.09620502
-0.3960424
0.15845315
-0.20671286
0.043143425
0.05250435
0.10675335
-0.15823486
0.044204406
-0.0006241354
-0.15616319
-0.061525613
0.17128153
0.15045054
0.09881234
0.12399944
0.0186794
-0.15269302
0.13988209
-0.04214522
0.052211855
-0.15824032
0.14136581
-0.07600226
-0.13388962
-0.1714462
0.065745674
0.07689433
-0.020584079
0.22025342
-0.032124113
0.020409085
-0.5330176
-0.10230337
0.02641238
-0.14191203
0.1418768
0.2131994
-0.24454951
0.099941336
0.14434911
-0.0038311584
0.12771453
-0.06980113
-0.004716474
0.04310905
0.060818262
-0.19449817
-0.17828128
-0.22658713
0.029396579
0.19603406
0.10103309
-0.10248116
-0.022785183
0.0022636463
-0.036907814
-0.14847751
0.05540054
0.070410594
-0.07582291
0.20911422
0.13553281
0.15685959
-0.14005709
-0.06857515
-0.088398494
-0.060998935
0.0030596622
0.18070906
-0.080556355
0.22221322
0.03573613
-0.03965002
-0.21493979
-0.11044249
-0.3126347
-0.03191066
-0.07726916
0.009292409
-0.010391695
0.3510005
0.042312954
-0.07447333
-0.16265576
-0.10853608
0.14315583
-0.01579957
-0.05920468
-0.08110237
0.08955785
0.1772389
-0.22952408
0.08317864
-0.16043957
-0.04269427
-0.13940233
-0.088430524
-0.05559053
0.042553682
0.009187552
0.15396063
-0.03718998
0.051341206
-0.12199271
0.027120307
-0.27147636
-0.06793079
0.058249667
-0.04847158
-0.047762565
0.078923315
0.095671974
0.09027865
0.11872042
0.04198493
-0.21676664
0.051471338
0.07985467
0.051453628
-0.03570097
0.102342725
-0.14338134
-0.050022677
-0.023690814
-0.031347
-0.14639536
-0.19830002
-0.1869565
-0.12436558
0.026996443
0.119667806
-0.18417126
-0.112683326
-0.02469442
0.032465406
0.15035349
-0.015724694
-0.057038743
-0.103334926
0.019641614
-0.01726345
-0.038616978
0.08636282
0.14606133
-0.12150738
-0.14548944
-0.19242693
0.08387752
0.108427346
0.13025846
0.012243433
0.034737356
-0.011344319
-0.21478875
-0.19067171
-0.038930796
0.065894
0.021620106
-0.015520821
-0.03977672
-0.19463232
-0.063855425
0.08130493
-0.012562294
0.03872571
-0.17909026
-0.049216773
0.099757545
-0.13861042
-0.091799796
-0.042465486
-0.15736885
-0.066225186
0.07919667
-0.07543528
0.052153535
-0.1597766
0.07577616
-0.16964005
0.14269598
0.13028353
-0.054246005
-0.18503545
-0.103690505
-0.0872988
0.12746577
0.052465584
-0.14147036
0.14431524
0.07524438
-0.22581908
-0.16497041
-0.17334998
0.097148836
-0.16172118
-0.11419577
-0.09294477
-0.023087544
-0.12668726
-0.1493814
-0.0075364695
0.002003873
0.024806865
0.1308835
-0.15894136
0.030345535
-0.16604099
-0.11329232
-0.15264465
-0.028240994
0.11534587
-0.0029057553
-0.16160965
-0.1601818
-0.069550924
-0.15050653
0.031741686
-0.16989581
-0.035164386
-0.019463468
-0.09000659
-0.033662334
-0.038802937
-0.11094102
-0.06253386
-0.013896406
-0.045786522
-0.009806049
0.081584655
-0.18302047
-0.21553902
-0.16642012
-0.16792525
0.03173895
0.021049192
-0.020189157
-0.0052767764
-0.13727224
-0.05072737
-0.187689
0.031599037
-0.1594001
-0.0072281654
-0.19083978
0.018904308
0.022379665
-0.029525649
0.07945269
-0.16887982
-0.08679544
-0.20490411
0.023598194
0.03413847
-0.12261819
0.044671085
0.11059717
-0.012257771
0.060719777
0.0026328363
-0.027999494
0.12388019
-0.16324021
-0.036302026
-0.13218297
-0.20916303
-0.0744853
0.07096574
-0.031156367
-0.11400519
0.020152912
-0.086731635
-0.062376887
0.045969404
0.09716545
-0.17834587
-0.15985006
0.035936724
-0.048348162
0.117707886
0.038496576
-0.03376073
0.037162155
-0.013008808
-0.017606081
-0.023922823
-0.009028224
0.016189802
0.014142749
-0.020037169
0.02414011
0.07344622
-0.02838246
0.055504832
-0.031991072
-0.011627173
0.104465656
0.1198606
-0.030225102
0.062308088
-0.01775873

