0.19970682
-0.1190561
0.36183378
0.47475144
-0.23031035
0.07007021
0.3382526
0.43643096
0.021221442
-0.5000163
-0.47918668
0.22950144
0.3285656
0.032617025
-0.5961224
-0.53719354
-0.16362248
-0.23762253
-0.36484277
0.0216898
-0.80425704
-0.5346119
-0.19491386
-0.037468728
0.05676324
-0.15513733
-0.17395876
0.41893563
-0.097601116
0.4642185
-0.38568112
0.46856478
-0.8201249
-0.487802
0.35221267
0.31951326
0.35039023
0.049938183
-0.12963825
-0.12824543
-0.30185
-0.3311809
-0.22454524
0.06482835
-0.48642552
0.25943184
0.21663986
0.4631059
0.34052682
-0.17059337
0.118905656
-0.4138899
-0.45558935
-0.45077026
-0.29984492
0.26770067
-0.5561404
-0.29700103
0.24088685
0.38522735
0.35287628
-0.23455489
-0.08755051
-0.51083785
-0.3744653
-0.30256012
-0.31289807
-0.11470175
0.3558438
0.35797763
-0.00028453366
-0.56406945
0.21147025
-0.49088722
-0.22957246
0.26368406
-0.29192913
0.19559646
0.21459408
0.07587912
-0.25652486
0.20581199
-0.21507102
0.22807954
0.3477193
0.40838954
-0.25583026
-0.15032156
-0.4474188
-0.44176513
0.339052
0.3930707
-0.33216068
-0.20254187
0.4565456
-0.22169448
-0.21985306
-0.17233041
-0.35902202
0.24148564
0.2838822
0.26542836
0.116184555
-0.22451545
0.30783775
-0.20301224
-0.06473311
-0.16555224
0.33359855
0.46413797
-0.25519937
-0.46975204
-0.030648904
0.46230343
-0.45815444
-0.32024896
0.19797425
-0.15699257
-0.20915991
0.14860913
-0.3140638
0.24770747
0.14692686
0.47076276
-0.10842238
0.37099782
0.24082178
-0.3412293
-0.3678355
0.25709945
-0.69947463
-0.28980383
-0.42076913
0.5152566
-0.3760348
0.16678505
0.07374662
0.020761793
-0.7319689
-0.19529562
0.22305271
-0.7411302
-0.24652813
-0.8336856
-0.08248959
-0.27925545
-0.60606164
0.36548465
0.30418652
-0.3448727
0.4029555
0.4820521
-0.0388316
-0.081794694
-0.18862358
-0.004560302
0.20077503
-0.4061576
0.20567383
-0.28999504
0.079656854
0.2964997
0.42443955
-0.12200793
0.1656312
-0.08967319
0.29552758
-0.08778907
-0.223747
-0.17855008
-0.30689335
-0.108418934
-0.30223638
-0.060879435
-0.262816
-0.15054964
0.37768957
0.04478809
0.244385
0.021482648
-0.22406842
0.048094373
0.27294213
-0.0035871775
0.3590819
-0.15625389
-0.32671326
-0.1267944
-0.066930965
-0.2583542
0.37067068
-0.052426435
0.38757008
0.11912191
0.28717113
-0.6036028
0.39696127
-0.04752138
-0.059972346
-0.034936156

