3.601825
3.601825
3.601825
3.601825
3.601825
3.601825
3.601825
3.601825
3.601825
3.601825
3.601825
3.601825
3.601825
3.601825
3.601825
3.601825
3.601825
3.601825
3.601825
3.601825
3.601825
3.601825
3.601825
3.601825
3.601825
3.601825
3.601825
3.601825
3.601825
3.601825
3.601825
3.601825
3.601825
3.601825
3.601825
3.601825
3.601825
3.601825
3.601825
3.601825
3.601825
3.601825
3.601825
3.601825
3.601825
3.601825
3.601825
3.601825
3.601825
3.601825
3.601825
3.601825
3.601825
3.601825
3.601825
3.601825
3.601825
3.601825
3.601825
3.601825
3.601825
3.601825
3.601825
3.601825
3.601825
3.601825
3.601825
3.601825
3.601825
3.601825
3.601825
3.601825
3.601825
3.601825
3.601825
3.601825
3.601825
3.601825
3.601825
3.601825
3.601825
3.601825
3.601825
3.601825
3.601825
3.601825
3.601825
3.601825
3.601825
3.601825
3.601825
3.601825
3.601825
3.601825
3.601825
3.601825
3.601825
3.601825
3.601825
3.601825
3.601825
3.601825
3.601825
3.601825
3.601825
3.601825
3.601825
3.601825
3.601825
3.601825
3.601825
3.601825
3.601825
3.601825
3.601825
3.601825
3.601825
3.601825
3.601825
3.601825
3.601825
3.601825
3.601825
3.601825
3.601825
3.601825
3.601825
3.601825
3.601825
3.601825
3.601825
3.601825
3.601825
3.601825
3.448081
3.071329
2.874616
2.932335
3.121368
3.374471
3.509891
3.596009
3.601825
3.601825
3.601825
3.601825
3.601825
3.601825
3.601825
3.601825
3.601825
3.601825
3.601825
3.601825
3.601825
3.601825
3.601825
3.601825
3.601825
3.601825
2.992532
1.954660
1.543994
1.520253
1.789794
2.127293
2.485618
2.709495
2.755118
2.755118
2.755118
2.755118
2.755118
2.755118
2.806366
3.086304
3.455567
3.593424
3.601825
3.601825
3.601825
3.601825
3.601825
3.601825
3.601825
3.601825
2.846946
1.695955
1.127234
1.039405
1.003819
0.961680
1.070917
1.258807
1.353061
1.291498
1.286812
1.294133
1.341707
1.344569
1.358508
1.924282
2.917118
3.523340
3.601825
3.601825
3.601825
3.601825
3.601825
3.601825
3.601825
3.601825
3.186666
2.546754
2.162203
2.089391
1.902059
1.552945
1.199831
1.182128
1.222551
1.062280
1.022562
1.046869
1.196300
0.891807
0.360461
0.977540
2.408107
3.377599
3.601825
3.601825
3.601825
3.601825
3.601825
3.601825
3.601825
3.601825
3.525389
3.378847
3.288528
3.247620
3.179261
2.951419
2.613866
2.514047
2.452250
2.355586
2.267029
2.290923
2.282058
1.378548
0.459016
1.062200
2.495107
3.332400
3.601825
3.601825
3.601825
3.601825
3.601825
3.601825
3.601825
3.601825
3.601825
3.601825
3.601825
3.601825
3.601825
3.582431
3.502952
3.475783
3.434014
3.417202
3.359418
3.328278
2.745723
1.399863
0.908530
1.757648
2.891057
3.466918
3.601825
3.601825
3.601825
3.601825
3.601825
3.601825
3.601825
3.601825
3.601825
3.601825
3.601825
3.601825
3.601825
3.601825
3.601825
3.601825
3.601825
3.601825
3.601825
3.312560
2.124807
0.888853
1.113391
2.377268
3.252715
3.582200
3.601825
3.601825
3.601825
3.601825
3.601825
3.601825
3.601825
3.601825
3.601825
3.601825
3.601825
3.601825
3.601825
3.601825
3.601825
3.601825
3.601825
3.601825
3.493839
2.674500
1.298192
0.826387
1.691256
2.823498
3.464062
3.601825
3.601825
3.601825
3.601825
3.601825
3.601825
3.601825
3.601825
3.601825
3.601825
3.601825
3.601825
3.601825
3.601825
3.601825
3.601825
3.601825
3.601825
3.601825
3.215835
1.924053
0.835829
1.252923
2.461731
3.213899
3.553853
3.601825
3.601825
3.601825
3.601825
3.601825
3.601825
3.601825
3.601825
3.601825
3.601825
3.601825
3.601825
3.601825
3.601825
3.601825
3.601825
3.601825
3.601825
3.585353
2.817378
1.337337
0.912068
1.941995
3.015058
3.528857
3.601825
3.601825
3.601825
3.601825
3.601825
3.601825
3.601825
3.601825
3.601825
3.601825
3.601825
3.601825
3.601825
3.601825
3.601825
3.601825
3.601825
3.601825
3.601825
3.349463
2.177578
1.028264
1.400548
2.606495
3.328698
3.596374
3.601825
3.601825
3.601825
3.601825
3.601825
3.601825
3.601825
3.601825
3.601825
3.601825
3.601825
3.601825
3.601825
3.601825
3.601825
3.601825
3.601825
3.601825
3.464554
2.656368
1.374783
1.066727
2.032088
3.046259
3.538589
3.601825
3.601825
3.601825
3.601825
3.601825
3.601825
3.601825
3.601825
3.601825
3.601825
3.601825
3.601825
3.601825
3.601825
3.601825
3.601825
3.601825
3.601825
3.567050
2.972705
1.675093
0.875416
1.425157
2.633029
3.342158
3.601825
3.601825
3.601825
3.601825
3.601825
3.601825
3.601825
3.601825
3.601825
3.601825
3.601825
3.601825
3.601825
3.601825
3.601825
3.601825
3.601825
3.601825
3.596335
3.177514
2.001543
0.963276
0.964452
2.091272
3.077112
3.539680
3.601825
3.601825
3.601825
3.601825
3.601825
3.601825
3.601825
3.601825
3.601825
3.601825
3.601825
3.601825
3.601825
3.601825
3.601825
3.601825
3.601825
3.601825
3.525026
2.529791
1.103837
0.785589
1.650113
2.751903
3.383238
3.601825
3.601825
3.601825
3.601825
3.601825
3.601825
3.601825
3.601825
3.601825
3.601825
3.601825
3.601825
3.601825
3.601825
3.601825
3.601825
3.601825
3.601825
3.545087
3.025781
1.667523
0.855988
1.324104
2.478387
3.231628
3.563666
3.601825
3.601825
3.601825
3.601825
3.601825
3.601825
3.601825
3.601825
3.601825
3.601825
3.601825
3.601825
3.601825
3.601825
3.601825
3.601825
3.601825
3.601825
3.283492
2.164314
0.937380
0.993598
2.137356
3.083438
3.516800
3.601825
3.601825
3.601825
3.601825
3.601825
3.601825
3.601825
3.601825
3.601825
3.601825
3.601825
3.601825
3.601825
3.601825
3.601825
3.601825
3.601825
3.601825
3.490178
2.662810
1.300783
0.436955
1.069381
2.590339
3.410790
3.600735
3.601825
3.601825
3.601825
3.601825
3.601825
3.601825
3.601825
3.601825
3.601825
3.601825
3.601825
3.601825
3.601825
3.601825
3.601825
3.601825
3.601825
3.601825
3.232966
1.958386
0.726452
0.229159
1.210464
2.711924
3.482803
3.601825
3.601825
3.601825
3.601825
3.601825
3.601825
3.601825
3.601825
3.601825
3.601825
3.601825
3.601825
3.601825
3.601825
3.601825
3.601825
3.601825
3.601825
3.601825
3.018396
1.557501
0.497748
0.657254
1.874484
2.905966
3.502158
3.601825
3.601825
3.601825
3.601825
3.601825
3.601825
3.601825
3.601825
3.601825
3.601825
3.601825
3.601825
3.601825
3.601825
3.601825
3.601825
3.601825
3.601825
3.601825
3.171411
2.201907
1.507923
1.844275
2.704261
3.288240
3.558214
3.601825
3.601825
3.601825
3.601825
3.601825
3.601825
3.601825
3.601825
3.601825
3.601825
3.601825
0.526968
0.526968
0.526968
0.526968
0.526968
0.526968
0.526968
0.526968
0.526968
0.526968
0.526968
0.526968
0.526968
0.526968
0.526968
0.526968
0.526968
0.526968
0.526968
0.526968
0.526968
0.526968
0.526968
0.526968
0.526968
0.526968
0.526968
0.526968
0.526968
0.526968
0.526968
0.526968
0.526968
0.526968
0.526968
0.526968
0.526968
0.526968
0.526968
0.526968
0.526968
0.526968
0.526968
0.526968
0.526968
0.526968
0.526968
0.526968
0.526968
0.526968
0.526968
0.526968
0.526968
0.526968
0.526968
0.526968
0.526968
0.526968
0.526968
0.526968
0.526968
0.526968
0.526968
0.526968
0.526968
0.526968
0.526968
0.526968
0.526968
0.526968
0.526968
0.526968
0.526968
0.526968
0.526968
0.526968
0.526968
0.526968
0.526968
0.526968
0.526968
0.526968
0.526968
0.526968
0.526968
0.526968
0.526968
0.526968
0.526968
0.526968
0.526968
0.526968
0.526968
0.526968
0.526968
0.526968
0.526968
0.526968
0.526968
0.526968
0.526968
0.526968
0.526968
0.526968
0.526968
0.526968
0.526968
0.526968
0.526968
0.526968
0.526968
0.526968
0.526968
0.526968
0.526968
0.526968
0.526968
0.526968
0.526968
0.526968
0.526968
0.526968
0.526968
0.526968
0.526968
0.526968
0.526968
0.526968
0.526968
0.526968
0.526968
0.526968
0.526968
0.526968
0.484813
0.584475
0.826503
0.841938
0.858368
0.702943
0.625834
0.547626
0.526968
0.526968
0.526968
0.526968
0.526968
0.526968
0.526968
0.526968
0.526968
0.526968
0.526968
0.526968
0.526968
0.526968
0.526968
0.526968
0.526968
0.526968
0.434565
0.712416
0.690098
0.686530
0.693209
0.835813
0.915413
0.899186
0.895616
0.895616
0.895616
0.895616
0.895616
0.895616
0.909668
0.918770
0.717594
0.556808
0.526968
0.526968
0.526968
0.526968
0.526968
0.526968
0.526968
0.526968
0.541301
0.151772
-0.085641
-0.143316
-0.094737
0.153740
0.354891
0.598229
0.579000
0.614265
0.630906
0.632914
0.636293
0.583864
0.610225
0.697179
0.745457
0.576820
0.526968
0.526968
0.526968
0.526968
0.526968
0.526968
0.526968
0.526968
0.536108
0.031315
-0.188042
-0.148748
-0.176185
-0.268177
-0.355784
-0.234394
-0.283815
-0.245391
-0.231980
-0.228870
-0.222857
-0.363784
-0.034318
0.210490
0.375285
0.496288
0.526968
0.526968
0.526968
0.526968
0.526968
0.526968
0.526968
0.526968
0.525151
0.398983
0.300361
0.368990
0.296986
0.200141
0.056751
-0.099805
0.010020
-0.087980
-0.124311
-0.126013
-0.156211
0.056702
0.090989
0.017599
0.063802
0.449766
0.526968
0.526968
0.526968
0.526968
0.526968
0.526968
0.526968
0.526968
0.526968
0.526968
0.526968
0.526968
0.526968
0.526507
0.493489
0.400477
0.487085
0.397719
0.388108
0.377284
0.345496
0.704872
0.243059
-0.155778
0.181352
0.497193
0.526968
0.526968
0.526968
0.526968
0.526968
0.526968
0.526968
0.526968
0.526968
0.526968
0.526968
0.526968
0.526968
0.526968
0.526968
0.526968
0.526968
0.526968
0.526968
0.467208
0.647787
0.469083
0.083084
0.032047
0.432103
0.523704
0.526968
0.526968
0.526968
0.526968
0.526968
0.526968
0.526968
0.526968
0.526968
0.526968
0.526968
0.526968
0.526968
0.526968
0.526968
0.526968
0.526968
0.526968
0.497359
0.536204
0.695225
0.244464
-0.232941
0.155900
0.486121
0.526968
0.526968
0.526968
0.526968
0.526968
0.526968
0.526968
0.526968
0.526968
0.526968
0.526968
0.526968
0.526968
0.526968
0.526968
0.526968
0.526968
0.526968
0.526968
0.473573
0.601689
0.365224
-0.012249
-0.089808
0.368311
0.518989
0.526968
0.526968
0.526968
0.526968
0.526968
0.526968
0.526968
0.526968
0.526968
0.526968
0.526968
0.526968
0.526968
0.526968
0.526968
0.526968
0.526968
0.526968
0.522452
0.468693
0.515371
0.160090
-0.176156
0.281469
0.512794
0.526968
0.526968
0.526968
0.526968
0.526968
0.526968
0.526968
0.526968
0.526968
0.526968
0.526968
0.526968
0.526968
0.526968
0.526968
0.526968
0.526968
0.526968
0.526968
0.465772
0.654271
0.450371
0.015881
0.004031
0.449734
0.526062
0.526968
0.526968
0.526968
0.526968
0.526968
0.526968
0.526968
0.526968
0.526968
0.526968
0.526968
0.526968
0.526968
0.526968
0.526968
0.526968
0.526968
0.526968
0.489329
0.563512
0.744515
0.266891
-0.156879
0.299888
0.516450
0.526968
0.526968
0.526968
0.526968
0.526968
0.526968
0.526968
0.526968
0.526968
0.526968
0.526968
0.526968
0.526968
0.526968
0.526968
0.526968
0.526968
0.526968
0.517433
0.467038
0.746578
0.416297
-0.026518
0.010499
0.460547
0.526968
0.526968
0.526968
0.526968
0.526968
0.526968
0.526968
0.526968
0.526968
0.526968
0.526968
0.526968
0.526968
0.526968
0.526968
0.526968
0.526968
0.526968
0.525463
0.434762
0.783971
0.555624
0.085251
-0.177652
0.299959
0.516632
0.526968
0.526968
0.526968
0.526968
0.526968
0.526968
0.526968
0.526968
0.526968
0.526968
0.526968
0.526968
0.526968
0.526968
0.526968
0.526968
0.526968
0.526968
0.508577
0.508423
0.585022
0.215062
-0.177774
0.034642
0.476346
0.526968
0.526968
0.526968
0.526968
0.526968
0.526968
0.526968
0.526968
0.526968
0.526968
0.526968
0.526968
0.526968
0.526968
0.526968
0.526968
0.526968
0.526968
0.511411
0.478557
0.807462
0.319885
-0.151553
-0.125175
0.377443
0.520621
0.526968
0.526968
0.526968
0.526968
0.526968
0.526968
0.526968
0.526968
0.526968
0.526968
0.526968
0.526968
0.526968
0.526968
0.526968
0.526968
0.526968
0.526968
0.467237
0.640599
0.555234
0.126804
-0.077418
0.298290
0.512419
0.526968
0.526968
0.526968
0.526968
0.526968
0.526968
0.526968
0.526968
0.526968
0.526968
0.526968
0.526968
0.526968
0.526968
0.526968
0.526968
0.526968
0.526968
0.496355
0.543958
0.661297
0.160539
0.065001
0.278246
0.503604
0.526787
0.526968
0.526968
0.526968
0.526968
0.526968
0.526968
0.526968
0.526968
0.526968
0.526968
0.526968
0.526968
0.526968
0.526968
0.526968
0.526968
0.526968
0.526968
0.480048
0.575511
0.326610
0.046668
0.004646
0.354147
0.510006
0.526968
0.526968
0.526968
0.526968
0.526968
0.526968
0.526968
0.526968
0.526968
0.526968
0.526968
0.526968
0.526968
0.526968
0.526968
0.526968
0.526968
0.526968
0.526968
0.491970
0.371350
0.082733
0.028694
-0.312107
0.205772
0.494088
0.526968
0.526968
0.526968
0.526968
0.526968
0.526968
0.526968
0.526968
0.526968
0.526968
0.526968
0.526968
0.526968
0.526968
0.526968
0.526968
0.526968
0.526968
0.526968
0.551067
0.170076
-0.381330
-0.454574
-0.076829
0.402139
0.519715
0.526968
0.526968
0.526968
0.526968
0.526968
0.526968
0.526968
0.526968
0.526968
0.526968
0.526968
0.907315
0.907315
0.907315
0.907315
0.907315
0.907315
0.907315
0.907315
0.907315
0.907315
0.907315
0.907315
0.907315
0.907315
0.907315
0.907315
0.907315
0.907315
0.907315
0.907315
0.907315
0.907315
0.907315
0.907315
0.907315
0.907315
0.907315
0.907315
0.907315
0.907315
0.907315
0.907315
0.907315
0.907315
0.907315
0.907315
0.907315
0.907315
0.907315
0.907315
0.907315
0.907315
0.907315
0.907315
0.907315
0.907315
0.907315
0.907315
0.907315
0.907315
0.907315
0.907315
0.907315
0.907315
0.907315
0.907315
0.907315
0.907315
0.907315
0.907315
0.907315
0.907315
0.907315
0.907315
0.907315
0.907315
0.907315
0.907315
0.907315
0.907315
0.907315
0.907315
0.907315
0.907315
0.907315
0.907315
0.907315
0.907315
0.907315
0.907315
0.907315
0.907315
0.907315
0.907315
0.907315
0.907315
0.907315
0.907315
0.907315
0.907315
0.907315
0.907315
0.907315
0.907315
0.907315
0.907315
0.907315
0.907315
0.907315
0.907315
0.907315
0.907315
0.907315
0.907315
0.907315
0.907315
0.907315
0.907315
0.907315
0.907315
0.907315
0.907315
0.907315
0.907315
0.907315
0.907315
0.907315
0.907315
0.907315
0.907315
0.907315
0.907315
0.907315
0.907315
0.907315
0.907315
0.907315
0.907315
0.907315
0.907315
0.907315
0.907315
0.907315
0.907315
0.828115
0.620163
0.692708
0.955856
0.995575
1.122837
0.990124
0.985986
0.907315
0.907315
0.907315
0.907315
0.907315
0.907315
0.907315
0.907315
0.907315
0.907315
0.907315
0.907315
0.907315
0.907315
0.907315
0.907315
0.907315
0.907315
0.597242
0.107909
0.607146
0.788151
0.878196
0.955632
0.988012
1.013330
0.887615
0.887615
0.887615
0.887615
0.887615
0.887615
0.914015
1.062848
1.209036
1.020951
0.907315
0.907315
0.907315
0.907315
0.907315
0.907315
0.907315
0.907315
0.519752
0.084729
0.240944
0.347470
0.243233
0.340712
0.510085
0.704683
0.763535
0.661245
0.724619
0.728390
0.753558
0.749426
0.703572
1.020599
1.399599
1.259114
0.907315
0.907315
0.907315
0.907315
0.907315
0.907315
0.907315
0.907315
0.673390
0.334113
0.226624
0.214459
0.098595
0.028435
-0.017169
0.135360
0.296407
0.072230
0.213624
0.225965
0.299629
0.106935
-0.292681
0.561814
1.300000
1.224578
0.907315
0.907315
0.907315
0.907315
0.907315
0.907315
0.907315
0.907315
0.860971
0.759415
0.691280
0.671312
0.624696
0.478979
0.291803
0.291440
0.286083
0.206140
0.231776
0.244139
0.233929
-0.277283
-0.450775
0.579050
1.184175
0.938257
0.907315
0.907315
0.907315
0.907315
0.907315
0.907315
0.907315
0.907315
0.907315
0.907315
0.907315
0.907315
0.907315
0.895556
0.844144
0.817246
0.798519
0.781738
0.743173
0.727964
0.434468
-0.168622
0.263571
0.948122
0.970350
0.846059
0.907315
0.907315
0.907315
0.907315
0.907315
0.907315
0.907315
0.907315
0.907315
0.907315
0.907315
0.907315
0.907315
0.907315
0.907315
0.907315
0.907315
0.907315
0.907315
0.759297
0.147321
-0.034280
0.619999
1.141691
0.906036
0.894218
0.907315
0.907315
0.907315
0.907315
0.907315
0.907315
0.907315
0.907315
0.907315
0.907315
0.907315
0.907315
0.907315
0.907315
0.907315
0.907315
0.907315
0.907315
0.851686
0.423416
-0.087479
0.326652
0.947029
0.960594
0.885722
0.907315
0.907315
0.907315
0.907315
0.907315
0.907315
0.907315
0.907315
0.907315
0.907315
0.907315
0.907315
0.907315
0.907315
0.907315
0.907315
0.907315
0.907315
0.907315
0.711144
0.073278
0.000640
0.710424
1.043123
0.754395
0.875299
0.907315
0.907315
0.907315
0.907315
0.907315
0.907315
0.907315
0.907315
0.907315
0.907315
0.907315
0.907315
0.907315
0.907315
0.907315
0.907315
0.907315
0.907315
0.898830
0.501607
-0.183149
0.264304
1.014327
0.947867
0.866611
0.907315
0.907315
0.907315
0.907315
0.907315
0.907315
0.907315
0.907315
0.907315
0.907315
0.907315
0.907315
0.907315
0.907315
0.907315
0.907315
0.907315
0.907315
0.907315
0.777719
0.156554
-0.029953
0.723076
1.115058
0.817241
0.903677
0.907315
0.907315
0.907315
0.907315
0.907315
0.907315
0.907315
0.907315
0.907315
0.907315
0.907315
0.907315
0.907315
0.907315
0.907315
0.907315
0.907315
0.907315
0.836600
0.412650
-0.007801
0.462206
1.047538
0.952148
0.865112
0.907315
0.907315
0.907315
0.907315
0.907315
0.907315
0.907315
0.907315
0.907315
0.907315
0.907315
0.907315
0.907315
0.907315
0.907315
0.907315
0.907315
0.907315
0.889401
0.583483
-0.011254
0.245786
0.798682
1.082127
0.825150
0.907315
0.907315
0.907315
0.907315
0.907315
0.907315
0.907315
0.907315
0.907315
0.907315
0.907315
0.907315
0.907315
0.907315
0.907315
0.907315
0.907315
0.907315
0.904487
0.689097
0.075934
0.159258
0.530758
1.014272
0.896813
0.865840
0.907315
0.907315
0.907315
0.907315
0.907315
0.907315
0.907315
0.907315
0.907315
0.907315
0.907315
0.907315
0.907315
0.907315
0.907315
0.907315
0.907315
0.907315
0.867888
0.358762
-0.161372
0.426723
0.899116
0.896109
0.817392
0.907315
0.907315
0.907315
0.907315
0.907315
0.907315
0.907315
0.907315
0.907315
0.907315
0.907315
0.907315
0.907315
0.907315
0.907315
0.907315
0.907315
0.907315
0.878087
0.606858
-0.031343
0.168041
0.756529
0.909793
0.781981
0.881848
0.907315
0.907315
0.907315
0.907315
0.907315
0.907315
0.907315
0.907315
0.907315
0.907315
0.907315
0.907315
0.907315
0.907315
0.907315
0.907315
0.907315
0.907315
0.744730
0.179579
0.018491
0.545728
1.060649
0.857714
0.852169
0.907315
0.907315
0.907315
0.907315
0.907315
0.907315
0.907315
0.907315
0.907315
0.907315
0.907315
0.907315
0.907315
0.907315
0.907315
0.907315
0.907315
0.907315
0.849801
0.416308
-0.078674
0.118078
0.608558
1.287741
0.982098
0.906588
0.907315
0.907315
0.907315
0.907315
0.907315
0.907315
0.907315
0.907315
0.907315
0.907315
0.907315
0.907315
0.907315
0.907315
0.907315
0.907315
0.907315
0.907315
0.720060
0.094056
-0.087772
0.168288
0.688589
1.292974
1.002746
0.907315
0.907315
0.907315
0.907315
0.907315
0.907315
0.907315
0.907315
0.907315
0.907315
0.907315
0.907315
0.907315
0.907315
0.907315
0.907315
0.907315
0.907315
0.907315
0.605896
-0.087242
-0.152990
0.394126
0.924426
0.882270
0.904752
0.907315
0.907315
0.907315
0.907315
0.907315
0.907315
0.907315
0.907315
0.907315
0.907315
0.907315
0.907315
0.907315
0.907315
0.907315
0.907315
0.907315
0.907315
0.907315
0.678480
0.244488
0.118964
0.412826
0.643088
0.722614
0.878210
0.907315
0.907315
0.907315
0.907315
0.907315
0.907315
0.907315
0.907315
0.907315
0.907315
0.907315
0.270777
0.270777
0.270777
0.270777
0.270777
0.270777
0.270777
0.270777
0.270777
0.270777
0.270777
0.270777
0.270777
0.270777
0.270777
0.270777
0.270777
0.270777
0.270777
0.270777
0.270777
0.270777
0.270777
0.270777
0.270777
0.270777
0.270777
0.270777
0.270777
0.270777
0.270777
0.270777
0.270777
0.270777
0.270777
0.270777
0.270777
0.270777
0.270777
0.270777
0.270777
0.270777
0.270777
0.270777
0.270777
0.270777
0.270777
0.270777
0.270777
0.270777
0.270777
0.270777
0.270777
0.270777
0.270777
0.270777
0.270777
0.270777
0.270777
0.270777
0.270777
0.270777
0.270777
0.270777
0.270777
0.270777
0.270777
0.270777
0.270777
0.270777
0.270777
0.270777
0.270777
0.270777
0.270777
0.270777
0.270777
0.270777
0.270777
0.270777
0.270777
0.270777
0.270777
0.270777
0.270777
0.270777
0.270777
0.270777
0.270777
0.270777
0.270777
0.270777
0.270777
0.270777
0.270777
0.270777
0.270777
0.270777
0.270777
0.270777
0.270777
0.270777
0.270777
0.270777
0.270777
0.270777
0.270777
0.270777
0.270777
0.270777
0.270777
0.270777
0.270777
0.270777
0.270777
0.270777
0.270777
0.270777
0.270777
0.270777
0.270777
0.270777
0.270777
0.270777
0.270777
0.270777
0.270777
0.270777
0.270777
0.270777
0.270777
0.270777
0.270777
0.270777
0.171736
0.078744
0.136420
0.132542
0.238698
0.239144
0.278850
0.268911
0.270777
0.270777
0.270777
0.270777
0.270777
0.270777
0.270777
0.270777
0.270777
0.270777
0.270777
0.270777
0.270777
0.270777
0.270777
0.270777
0.270777
0.270777
-0.128083
-0.408832
-0.471468
-0.326297
-0.186463
0.020429
0.088387
0.117789
0.088567
0.088567
0.088567
0.088567
0.088567
0.088567
0.121581
0.252012
0.278120
0.268082
0.270777
0.270777
0.270777
0.270777
0.270777
0.270777
0.270777
0.270777
-0.033858
-0.243584
-0.005044
-0.134350
-0.322380
-0.508846
-0.474911
-0.403846
-0.468969
-0.458459
-0.459961
-0.455245
-0.431727
-0.467520
-0.412963
-0.038200
0.358541
0.308950
0.270777
0.270777
0.270777
0.270777
0.270777
0.270777
0.270777
0.270777
0.522756
0.649115
0.627472
0.658388
0.468157
0.273360
0.021810
0.107597
0.073814
0.016846
0.039434
0.055396
0.138998
-0.133409
-0.193585
-0.042625
0.249616
0.362973
0.270777
0.270777
0.270777
0.270777
0.270777
0.270777
0.270777
0.270777
0.379830
0.537314
0.494045
0.489392
0.639795
0.755562
0.743916
0.712962
0.759701
0.670229
0.702802
0.709350
0.648510
0.199684
-0.098907
0.304302
0.350764
0.296173
0.270777
0.270777
0.270777
0.270777
0.270777
0.270777
0.270777
0.270777
0.270777
0.270777
0.270777
0.270777
0.270777
0.298447
0.398750
0.365292
0.365509
0.454187
0.429097
0.390137
-0.058808
-0.135395
0.217049
0.476767
0.425419
0.236323
0.270777
0.270777
0.270777
0.270777
0.270777
0.270777
0.270777
0.270777
0.270777
0.270777
0.270777
0.270777
0.270777
0.270777
0.270777
0.270777
0.270777
0.270777
0.270777
0.082769
-0.272384
-0.230591
0.507820
0.511667
0.263826
0.262256
0.270777
0.270777
0.270777
0.270777
0.270777
0.270777
0.270777
0.270777
0.270777
0.270777
0.270777
0.270777
0.270777
0.270777
0.270777
0.270777
0.270777
0.270777
0.201213
-0.179234
-0.189106
0.229297
0.343132
0.378031
0.269925
0.270777
0.270777
0.270777
0.270777
0.270777
0.270777
0.270777
0.270777
0.270777
0.270777
0.270777
0.270777
0.270777
0.270777
0.270777
0.270777
0.270777
0.270777
0.270777
0.017659
-0.287188
-0.107505
0.614603
0.615000
0.265200
0.249948
0.270777
0.270777
0.270777
0.270777
0.270777
0.270777
0.270777
0.270777
0.270777
0.270777
0.270777
0.270777
0.270777
0.270777
0.270777
0.270777
0.270777
0.270777
0.260165
-0.089192
-0.129349
0.321366
0.452218
0.377080
0.245795
0.270777
0.270777
0.270777
0.270777
0.270777
0.270777
0.270777
0.270777
0.270777
0.270777
0.270777
0.270777
0.270777
0.270777
0.270777
0.270777
0.270777
0.270777
0.270777
0.107526
-0.123462
-0.053236
0.512640
0.490347
0.238967
0.268410
0.270777
0.270777
0.270777
0.270777
0.270777
0.270777
0.270777
0.270777
0.270777
0.270777
0.270777
0.270777
0.270777
0.270777
0.270777
0.270777
0.270777
0.270777
0.182348
-0.192885
-0.228841
0.280442
0.476306
0.379526
0.243321
0.270777
0.270777
0.270777
0.270777
0.270777
0.270777
0.270777
0.270777
0.270777
0.270777
0.270777
0.270777
0.270777
0.270777
0.270777
0.270777
0.270777
0.270777
0.248375
-0.106312
-0.297008
-0.057605
0.558675
0.471757
0.234417
0.270777
0.270777
0.270777
0.270777
0.270777
0.270777
0.270777
0.270777
0.270777
0.270777
0.270777
0.270777
0.270777
0.270777
0.270777
0.270777
0.270777
0.270777
0.267240
0.001348
-0.237734
-0.204920
0.420148
0.465510
0.369267
0.243794
0.270777
0.270777
0.270777
0.270777
0.270777
0.270777
0.270777
0.270777
0.270777
0.270777
0.270777
0.270777
0.270777
0.270777
0.270777
0.270777
0.270777
0.270777
0.221076
-0.322576
-0.336607
0.292300
0.535326
0.477215
0.222771
0.270777
0.270777
0.270777
0.270777
0.270777
0.270777
0.270777
0.270777
0.270777
0.270777
0.270777
0.270777
0.270777
0.270777
0.270777
0.270777
0.270777
0.270777
0.234226
-0.040845
-0.107837
0.033593
0.510883
0.553603
0.276627
0.254208
0.270777
0.270777
0.270777
0.270777
0.270777
0.270777
0.270777
0.270777
0.270777
0.270777
0.270777
0.270777
0.270777
0.270777
0.270777
0.270777
0.270777
0.270777
0.063363
-0.345459
-0.277170
0.540770
0.604722
0.339627
0.235200
0.270777
0.270777
0.270777
0.270777
0.270777
0.270777
0.270777
0.270777
0.270777
0.270777
0.270777
0.270777
0.270777
0.270777
0.270777
0.270777
0.270777
0.270777
0.198855
-0.162239
-0.202160
-0.036107
0.355517
0.424980
0.260279
0.270303
0.270777
0.270777
0.270777
0.270777
0.270777
0.270777
0.270777
0.270777
0.270777
0.270777
0.270777
0.270777
0.270777
0.270777
0.270777
0.270777
0.270777
0.270777
0.028544
-0.276482
-0.167038
0.087738
0.242050
0.345289
0.289516
0.270777
0.270777
0.270777
0.270777
0.270777
0.270777
0.270777
0.270777
0.270777
0.270777
0.270777
0.270777
0.270777
0.270777
0.270777
0.270777
0.270777
0.270777
0.270777
0.029895
-0.150008
0.022651
0.326142
0.310099
0.333721
0.281105
0.270777
0.270777
0.270777
0.270777
0.270777
0.270777
0.270777
0.270777
0.270777
0.270777
0.270777
0.270777
0.270777
0.270777
0.270777
0.270777
0.270777
0.270777
0.270777
0.270220
0.203941
0.256905
0.643980
0.629664
0.231180
0.251842
0.270777
0.270777
0.270777
0.270777
0.270777
0.270777
0.270777
0.270777
0.270777
0.270777
0.270777
1.840605
1.840605
1.840605
1.840605
1.840605
1.840605
1.840605
1.840605
1.840605
1.840605
1.840605
1.840605
1.840605
1.840605
1.840605
1.840605
1.840605
1.840605
1.840605
1.840605
1.840605
1.840605
1.840605
1.840605
1.840605
1.840605
1.840605
1.840605
1.840605
1.840605
1.840605
1.840605
1.840605
1.840605
1.840605
1.840605
1.840605
1.840605
1.840605
1.840605
1.840605
1.840605
1.840605
1.840605
1.840605
1.840605
1.840605
1.840605
1.840605
1.840605
1.840605
1.840605
1.840605
1.840605
1.840605
1.840605
1.840605
1.840605
1.840605
1.840605
1.840605
1.840605
1.840605
1.840605
1.840605
1.840605
1.840605
1.840605
1.840605
1.840605
1.840605
1.840605
1.840605
1.840605
1.840605
1.840605
1.840605
1.840605
1.840605
1.840605
1.840605
1.840605
1.840605
1.840605
1.840605
1.840605
1.840605
1.840605
1.840605
1.840605
1.840605
1.840605
1.840605
1.840605
1.840605
1.840605
1.840605
1.840605
1.840605
1.840605
1.840605
1.840605
1.840605
1.840605
1.840605
1.840605
1.840605
1.840605
1.840605
1.840605
1.840605
1.840605
1.840605
1.840605
1.840605
1.840605
1.840605
1.840605
1.840605
1.840605
1.840605
1.840605
1.840605
1.840605
1.840605
1.840605
1.840605
1.840605
1.840605
1.840605
1.840605
1.840605
1.840605
1.840605
1.700685
1.484377
1.367153
1.271833
1.459790
1.561628
1.746623
1.796577
1.840605
1.840605
1.840605
1.840605
1.840605
1.840605
1.840605
1.840605
1.840605
1.840605
1.840605
1.840605
1.840605
1.840605
1.840605
1.840605
1.840605
1.840605
1.533560
1.321267
0.758407
0.596845
0.577633
0.709555
0.927282
1.049383
1.155327
1.155327
1.155327
1.155327
1.155327
1.155327
1.201967
1.414545
1.602935
1.777008
1.840605
1.840605
1.840605
1.840605
1.840605
1.840605
1.840605
1.840605
1.961591
1.623487
0.970109
0.617141
0.548239
0.395299
0.409674
0.506025
0.579421
0.598293
0.562825
0.569488
0.606757
0.582024
0.572486
0.679458
1.131409
1.592315
1.840605
1.840605
1.840605
1.840605
1.840605
1.840605
1.840605
1.840605
2.067102
1.931411
1.265928
1.215206
1.260359
1.144623
0.891298
0.826334
0.815466
0.854638
0.746838
0.757176
0.814479
0.539330
0.409691
0.180920
0.536646
1.396011
1.840605
1.840605
1.840605
1.840605
1.840605
1.840605
1.840605
1.840605
1.893858
1.897843
1.702587
1.659760
1.764583
1.716946
1.620132
1.324691
1.339833
1.394630
1.256148
1.246994
1.075883
1.004843
0.705184
0.246120
0.468081
1.372166
1.840605
1.840605
1.840605
1.840605
1.840605
1.840605
1.840605
1.840605
1.840605
1.840605
1.840605
1.840605
1.840605
1.854117
1.884596
1.783726
1.750489
1.831554
1.722024
1.679019
1.350742
1.393660
1.022051
0.322540
0.828613
1.594868
1.840605
1.840605
1.840605
1.840605
1.840605
1.840605
1.840605
1.840605
1.840605
1.840605
1.840605
1.840605
1.840605
1.840605
1.840605
1.840605
1.840605
1.840605
1.840605
1.642161
1.555576
1.160779
0.579711
0.427662
1.222894
1.803406
1.840605
1.840605
1.840605
1.840605
1.840605
1.840605
1.840605
1.840605
1.840605
1.840605
1.840605
1.840605
1.840605
1.840605
1.840605
1.840605
1.840605
1.840605
1.742328
1.505921
1.401904
0.990466
0.304066
0.787467
1.603866
1.840605
1.840605
1.840605
1.840605
1.840605
1.840605
1.840605
1.840605
1.840605
1.840605
1.840605
1.840605
1.840605
1.840605
1.840605
1.840605
1.840605
1.840605
1.840605
1.663135
1.554497
1.142682
0.563226
0.544837
1.228833
1.749675
1.840605
1.840605
1.840605
1.840605
1.840605
1.840605
1.840605
1.840605
1.840605
1.840605
1.840605
1.840605
1.840605
1.840605
1.840605
1.840605
1.840605
1.840605
1.825614
1.640223
1.487403
0.925123
0.300503
0.930330
1.705065
1.840605
1.840605
1.840605
1.840605
1.840605
1.840605
1.840605
1.840605
1.840605
1.840605
1.840605
1.840605
1.840605
1.840605
1.840605
1.840605
1.840605
1.840605
1.840605
1.637448
1.592739
1.283453
0.595508
0.562225
1.365699
1.830272
1.840605
1.840605
1.840605
1.840605
1.840605
1.840605
1.840605
1.840605
1.840605
1.840605
1.840605
1.840605
1.840605
1.840605
1.840605
1.840605
1.840605
1.840605
1.715676
1.480860
1.392567
1.002225
0.404257
0.959748
1.720742
1.840605
1.840605
1.840605
1.840605
1.840605
1.840605
1.840605
1.840605
1.840605
1.840605
1.840605
1.840605
1.840605
1.840605
1.840605
1.840605
1.840605
1.840605
1.808957
1.517630
1.459555
1.034804
0.556462
0.593444
1.380005
1.840605
1.840605
1.840605
1.840605
1.840605
1.840605
1.840605
1.840605
1.840605
1.840605
1.840605
1.840605
1.840605
1.840605
1.840605
1.840605
1.840605
1.840605
1.835608
1.514940
1.498072
1.123360
0.728804
0.371111
1.027398
1.722809
1.840605
1.840605
1.840605
1.840605
1.840605
1.840605
1.840605
1.840605
1.840605
1.840605
1.840605
1.840605
1.840605
1.840605
1.840605
1.840605
1.840605
1.840605
1.779549
1.558665
1.317631
0.846881
0.404317
0.769511
1.445676
1.840605
1.840605
1.840605
1.840605
1.840605
1.840605
1.840605
1.840605
1.840605
1.840605
1.840605
1.840605
1.840605
1.840605
1.840605
1.840605
1.840605
1.840605
1.788968
1.480513
1.552412
1.132992
0.446856
0.618317
1.255243
1.768274
1.840605
1.840605
1.840605
1.840605
1.840605
1.840605
1.840605
1.840605
1.840605
1.840605
1.840605
1.840605
1.840605
1.840605
1.840605
1.840605
1.840605
1.840605
1.642221
1.499291
1.149865
0.724014
0.387248
1.042020
1.679995
1.840605
1.840605
1.840605
1.840605
1.840605
1.840605
1.840605
1.840605
1.840605
1.840605
1.840605
1.840605
1.840605
1.840605
1.840605
1.840605
1.840605
1.840605
1.738996
1.526578
1.386714
0.670321
0.137625
0.475871
1.461783
1.838539
1.840605
1.840605
1.840605
1.840605
1.840605
1.840605
1.840605
1.840605
1.840605
1.840605
1.840605
1.840605
1.840605
1.840605
1.840605
1.840605
1.840605
1.840605
1.684618
1.556758
1.049748
0.326662
0.065571
0.556129
1.607153
1.840605
1.840605
1.840605
1.840605
1.840605
1.840605
1.840605
1.840605
1.840605
1.840605
1.840605
1.840605
1.840605
1.840605
1.840605
1.840605
1.840605
1.840605
1.840605
1.777919
1.545268
0.843415
0.419179
0.340490
0.892060
1.673859
1.840605
1.840605
1.840605
1.840605
1.840605
1.840605
1.840605
1.840605
1.840605
1.840605
1.840605
1.840605
1.840605
1.840605
1.840605
1.840605
1.840605
1.840605
1.840605
2.027161
2.017256
1.316480
0.735599
0.908596
1.341418
1.757941
1.840605
1.840605
1.840605
1.840605
1.840605
1.840605
1.840605
1.840605
1.840605
1.840605
1.840605
