-0.000961
-0.000961
-0.000961
-0.000961
-0.000961
-0.000961
-0.000961
0.000961
0.000320
0.000320
-0.000320
-0.000320
-0.000320
-0.000320
-0.000320
-0.000320
-0.000320
-0.000320
-0.000320
0.000320
-0.000320
-0.000320
-0.000320
-0.000320
-0.000320
-0.000320
-0.000320
-0.000320
0.000961
0.000961
-0.000961
-0.000961
-0.000961
-0.000961
-0.000961
-0.000961
-0.000961
-0.000961
-0.000961
-0.000961
-0.000961
-0.000961
-0.000961
-0.000961
-0.000961
-0.000961
-0.000961
-0.000961
-0.000961
-0.000961
0.000961
0.000961
0.000961
-0.000961
-0.000961
-0.000961
-0.000961
-0.000961
-0.000961
0.000961
0.000961
0.000961
0.000961
-0.000961
-0.000961
-0.000961
-0.000961
-0.000961
-0.001602
0.001602
0.001602
0.001602
-0.001602
-0.001602
-0.001602
-0.001602
-0.001602
-0.001602
-0.000184
-0.000184
-0.000184
0.000184
0.000184
0.000184
0.000184
0.000184
0.000184
0.000184
0.000276
-0.000276
-0.000276
0.000276
0.000276
0.000276
0.000276
0.000276
0.000276
-0.000276
-0.000276
-0.000276
0.000184
0.000184
0.000184
0.000184
0.000184
0.000184
0.000184
0.000184
0.000276
0.000276
0.000276
0.000276
0.000276
0.000276
0.000276
0.000276
0.000276
0.000276
0.000276
0.000276
0.000276
0.000276
0.000276
0.000276
0.000276
0.000276
0.000276
0.000276
0.000276
0.000276
0.000276
0.000276
0.000276
0.000276
0.000276
0.000276
0.000276
0.000276
0.000276
0.000276
0.000276
0.000276
0.000276
0.000276
0.000276
0.000276
0.000276
0.000276
-0.000276
0.000276
0.000276
0.000276
0.000276
0.000276
0.000276
0.000276
0.000276
0.000276
0.000276
0.000276
0.000276
0.000276
0.000276
0.000276
0.000276
0.000276
0.000276
-0.000276
0.000230
0.000230
0.000230
0.000230
0.000230
0.000230
0.000230
0.000230
0.000230
0.000230
-0.000075
-0.000075
-0.000075
-0.000075
-0.000075
-0.000075
-0.000075
-0.000075
0.000075
-0.000075
0.000374
0.000374
0.000374
0.000374
0.000374
0.000374
0.000374
0.000374
0.000374
0.000374
0.000523
0.000523
0.000075
0.000075
0.000075
0.000075
0.000075
0.000075
0.000075
0.000075
-0.000374
0.000374
-0.000374
-0.000374
-0.000374
-0.000374
-0.000374
-0.000374
-0.000374
-0.000374
-0.000523
0.000523
0.000523
-0.000523
-0.000523
-0.000523
-0.000523
-0.000523
-0.000523
-0.000523
-0.000374
-0.000374
0.000374
0.000374
0.000374
0.000374
0.000374
-0.000374
-0.000374
-0.000374
0.000224
0.000224
0.000224
0.000224
0.000224
0.000224
0.000224
-0.000224
-0.000224
-0.000224
0.000224
0.000224
0.000224
0.000224
0.000224
0.000224
0.000224
-0.000224
-0.000224
0.000224
0.000224
0.000224
0.000224
0.000224
0.000224
-0.000224
-0.000224
-0.000224
-0.000224
0.000224
0.000224
0.000224
-0.000224
-0.000224
-0.000224
-0.000224
-0.000224
-0.000224
-0.000224
0.000224
-0.000169
-0.000169
-0.000169
-0.000169
-0.000169
-0.000169
-0.000169
-0.000169
-0.000169
-0.000169
0.000164
-0.000164
-0.000164
-0.000164
-0.000164
-0.000164
-0.000164
-0.000164
-0.000164
-0.000164
-0.000158
-0.000158
0.000169
0.000169
0.000169
0.000169
0.000169
0.000169
0.000169
0.000169
0.000164
0.000164
0.000164
0.000164
0.000164
0.000164
0.000164
0.000164
0.000164
0.000164
0.000158
0.000158
-0.000158
-0.000158
0.000158
0.000158
0.000158
0.000158
0.000158
0.000158
0.000135
0.000135
-0.000135
-0.000135
-0.000135
-0.000135
-0.000135
0.000135
0.000135
0.000135
-0.000111
-0.000111
-0.000111
-0.000111
-0.000111
-0.000111
-0.000111
-0.000111
0.000111
0.000111
-0.000086
-0.000086
-0.000086
-0.000086
-0.000086
-0.000086
-0.000086
0.000086
0.000086
-0.000086
-0.000059
-0.000059
-0.000059
-0.000059
-0.000059
0.000059
0.000059
0.000059
0.000059
-0.000059
-0.000065
-0.000065
0.000065
0.000065
0.000065
0.000065
0.000065
0.000065
-0.000065
-0.000065
-0.000620
-0.000620
-0.000620
-0.000620
-0.000620
-0.000620
0.000620
0.000620
0.000620
-0.000620
0.000620
-0.000620
-0.000620
-0.000620
-0.000620
-0.000620
0.000620
0.000620
-0.000620
-0.000620
-0.000620
-0.000620
-0.000620
-0.000620
-0.000620
-0.000620
-0.000620
-0.000620
-0.000620
-0.000620
-0.000620
0.000620
-0.000620
-0.000620
-0.000620
-0.000620
-0.000620
-0.000620
-0.000620
-0.000620
-0.000620
0.000620
-0.000620
-0.000620
-0.000620
-0.000620
-0.000620
-0.000620
-0.000620
-0.000620
-0.000267
-0.000267
0.000267
0.000267
0.000267
0.000267
0.000267
-0.000267
-0.000267
-0.000267
0.000139
-0.000139
-0.000139
-0.000139
-0.000139
-0.000139
-0.000139
0.000139
0.000139
0.000139
-0.000658
-0.000658
-0.000658
-0.000658
-0.000658
-0.000658
-0.000658
0.000658
0.000658
0.000658
-0.000824
-0.000824
-0.000824
-0.000824
-0.000824
0.000824
0.000824
0.000824
0.000824
0.000824
-0.000695
-0.000695
0.000695
0.000695
0.000695
0.000695
0.000695
0.000695
0.000695
0.000695
0.012831
0.012831
0.012831
0.012831
0.012831
0.012831
0.012831
0.012831
0.012831
0.012831
0.021384
0.021384
0.021384
0.021384
0.021384
0.021384
0.021384
0.021384
0.021384
0.021384
0.029938
0.029938
-0.012831
-0.012831
0.012831
-0.012831
-0.012831
-0.012831
-0.012831
-0.012831
-0.021384
0.021384
-0.021384
-0.021384
-0.021384
-0.021384
-0.021384
-0.021384
-0.021384
0.021384
0.029938
0.029938
-0.029938
-0.029938
-0.029938
-0.029938
-0.029938
-0.029938
-0.029938
-0.029938
-0.029938
0.029938
-0.029938
-0.029938
-0.029938
-0.029938
-0.029938
-0.029938
-0.029938
-0.029938
0.012831
0.012831
-0.012831
-0.012831
-0.012831
-0.012831
-0.012831
-0.012831
-0.012831
-0.012831
0.004277
0.004277
0.004277
0.004277
0.004277
-0.004277
-0.004277
-0.004277
-0.004277
-0.004277
0.004277
0.004277
0.004277
0.004277
0.004277
-0.004277
-0.004277
-0.004277
-0.004277
0.004277
0.012831
0.012831
0.012831
0.012831
0.012831
-0.012831
-0.012831
-0.012831
0.012831
0.012831
-0.004277
-0.004277
-0.004277
-0.004277
0.004277
0.004277
0.004277
0.004277
-0.004277
-0.004277
0.012831
0.012831
0.012831
-0.012831
-0.012831
-0.012831
-0.012831
0.012831
0.012831
0.012831
0.029938
0.029938
-0.004277
-0.004277
-0.004277
-0.004277
-0.004277
-0.004277
-0.004277
-0.004277
0.012831
0.012831
0.012831
0.012831
0.012831
0.012831
0.012831
0.012831
0.012831
0.012831
0.029938
0.029938
0.029938
0.029938
0.029938
0.029938
0.029938
0.029938
0.029938
0.029938
0.021384
0.021384
0.021384
0.021384
0.021384
0.021384
0.021384
0.021384
0.021384
0.021384
0.004277
0.004277
-0.004277
-0.004277
-0.004277
-0.004277
-0.004277
0.004277
0.004277
0.004277
-0.021384
-0.021384
0.021384
0.021384
0.021384
0.021384
-0.021384
-0.021384
-0.021384
-0.021384
-0.021384
-0.021384
0.021384
0.021384
0.021384
-0.021384
-0.021384
-0.021384
-0.021384
-0.021384
-0.021384
-0.021384
0.021384
0.021384
0.021384
-0.021384
-0.021384
-0.021384
-0.021384
-0.021384
0.012831
0.012831
0.012831
0.012831
0.012831
0.012831
0.012831
0.012831
0.012831
0.012831
0.021384
0.021384
0.021384
0.021384
0.021384
0.021384
0.021384
0.021384
0.021384
0.021384
0.012831
0.012831
0.012831
0.012831
-0.012831
0.012831
-0.012831
-0.012831
-0.012831
0.012831
0.021384
0.021384
0.021384
0.021384
0.021384
0.021384
0.021384
0.021384
0.021384
0.021384
0.012831
0.012831
0.012831
0.012831
0.012831
0.012831
0.012831
0.012831
0.012831
0.012831
0.012831
0.012831
0.012831
0.012831
0.012831
0.012831
-0.012831
0.012831
0.012831
0.012831
-0.012831
0.012831
-0.012831
-0.012831
-0.012831
-0.012831
-0.012831
0.012831
0.012831
0.012831
-0.029938
0.029938
0.029938
0.029938
0.029938
-0.029938
0.029938
0.029938
0.029938
-0.029938
0.038492
0.038492
0.038492
0.038492
-0.038492
0.038492
0.038492
0.038492
0.038492
-0.038492
0.038492
0.038492
0.038492
0.038492
0.038492
0.038492
0.038492
0.038492
-0.038492
0.038492
-0.021384
-0.021384
-0.021384
-0.021384
-0.021384
-0.021384
0.021384
-0.021384
0.021384
-0.021384
-0.029938
-0.029938
-0.029938
-0.029938
-0.029938
-0.029938
-0.029938
-0.029938
-0.029938
-0.029938
-0.038492
-0.038492
-0.021384
-0.021384
0.021384
0.021384
-0.021384
-0.021384
-0.021384
-0.021384
-0.029938
-0.029938
-0.029938
-0.029938
0.029938
0.029938
0.029938
0.029938
0.029938
-0.029938
-0.038492
0.038492
0.038492
0.038492
0.038492
0.038492
-0.038492
-0.038492
0.038492
-0.038492
-0.038492
0.038492
-0.038492
-0.038492
-0.038492
-0.038492
-0.038492
-0.038492
-0.038492
-0.038492
-0.029938
-0.029938
0.029938
0.029938
0.029938
-0.029938
-0.029938
-0.029938
-0.029938
-0.029938
0.021384
0.021384
0.021384
0.021384
0.021384
0.021384
0.021384
0.021384
0.021384
-0.021384
0.004277
0.004277
0.004277
0.004277
0.004277
0.004277
0.004277
0.004277
-0.004277
-0.004277
0.004277
-0.004277
0.004277
0.004277
-0.004277
-0.004277
-0.004277
0.004277
0.004277
0.004277
0.038492
-0.038492
0.038492
0.038492
0.038492
0.038492
-0.038492
0.038492
0.038492
0.038492
0.038492
0.038492
0.038492
0.038492
0.038492
-0.038492
0.038492
0.038492
0.038492
0.038492
0.038492
0.038492
0.038492
-0.038492
0.038492
0.038492
-0.038492
-0.038492
-0.038492
0.038492
0.038492
0.038492
0.038492
0.038492
0.038492
0.038492
0.038492
0.038492
0.038492
0.038492
-0.038492
0.038492
0.038492
0.038492
0.038492
0.038492
0.038492
0.038492
0.038492
0.038492
0.038492
0.038492
0.038492
0.038492
0.038492
0.038492
0.038492
0.038492
0.038492
0.038492
0.029938
0.029938
0.029938
0.029938
0.029938
0.029938
0.029938
0.029938
0.029938
0.029938
0.029938
0.029938
0.029938
0.029938
0.029938
0.029938
0.029938
-0.029938
0.029938
0.029938
0.021384
0.021384
0.021384
0.021384
-0.021384
-0.021384
-0.021384
0.021384
0.021384
0.021384
0.021384
0.021384
0.021384
0.021384
0.021384
-0.021384
0.021384
0.021384
0.021384
0.021384
0.012831
0.012831
0.012831
0.012831
0.012831
-0.012831
0.012831
0.012831
0.012831
0.012831
0.021384
0.021384
0.021384
0.021384
0.021384
0.021384
0.021384
0.021384
0.021384
0.021384
0.021384
0.021384
